880 139 850 160 10 -0.876968 -1.06192 1.19539
214 201 207 193 10 -0.833831 3.20353 1.1502
435 229 444 228 10 6.46895 3.28101 1.18992
538 227 550 227 10 6.82744 -1.12004 1.22239
880 390 850 368 10 -0.863722 -1.04589 -1.46918
214 322 207 331 10 -0.489598 1.88103 -0.840249
435 288 444 289 10 4.32711 2.1947 -0.980528
538 291 550 291 10 3.13255 -0.513909 -0.702587
105 194 27 180 100 -0.831332 0.628498 0.413062
224 127 202 87 100 -0.231029 1.18037 1.21017
746 329 752 308 100 0.145679 -1.09794 -0.536368
970 345 902 327 100 -0.850481 -0.289668 -0.549824
