552.00 144.00 399.67 119.65
552.00 152.00 399.63 127.56
568.00 152.00 415.91 128.19
632.00 152.00 471.98 152.12
640.00 152.00 479.46 152.67
680.00 152.00 527.96 167.99
496.00 184.00 272.14 176.26
504.00 184.00 280.08 176.90
512.00 184.00 287.59 176.76
552.00 184.00 391.93 151.85
416.00 192.00 160.81 167.74
504.00 192.00 279.68 184.44
512.00 192.00 287.36 184.58
672.00 192.00 513.02 201.09
712.00 192.00 544.57 207.86
424.00 200.00 168.42 176.58
504.00 200.00 272.55 192.48
512.00 200.00 280.33 192.78
552.00 200.00 336.02 191.73
672.00 200.00 512.93 208.65
680.00 200.00 520.64 209.10
448.00 208.00 200.18 193.24
456.00 208.00 208.82 192.99
496.00 208.00 264.07 198.95
504.00 208.00 271.98 199.86
512.00 208.00 279.88 200.35
656.00 208.00 503.17 215.39
672.00 208.00 512.92 215.78
680.00 208.00 520.61 216.27
144.00 216.00 815.99 224.08
152.00 216.00 823.87 223.73
328.00 216.00 48.33 206.64
336.00 216.00 56.90 206.81
352.00 216.00 80.21 207.23
360.00 216.00 88.40 206.95
368.00 216.00 96.54 206.93
496.00 216.00 263.98 208.07
504.00 216.00 271.81 208.42
512.00 216.00 279.20 208.64
536.00 216.00 303.90 214.93
544.00 216.00 311.72 215.79
568.00 216.00 360.08 208.23
680.00 216.00 520.14 223.70
688.00 216.00 527.40 223.89
144.00 224.00 815.96 231.79
304.00 224.00 16.38 215.66
312.00 224.00 24.52 215.77
320.00 224.00 39.68 215.61
328.00 224.00 48.05 216.07
336.00 224.00 56.94 215.66
344.00 224.00 71.56 215.34
352.00 224.00 80.08 215.11
360.00 224.00 88.36 215.04
368.00 224.00 96.87 215.10
384.00 224.00 120.51 215.19
392.00 224.00 129.21 215.38
400.00 224.00 143.85 216.71
408.00 224.00 152.12 216.64
416.00 224.00 160.04 216.62
424.00 224.00 168.28 217.24
464.00 224.00 215.87 217.85
472.00 224.00 224.42 217.58
544.00 224.00 311.45 223.09
680.00 224.00 520.05 231.07
696.00 224.00 535.03 231.86
136.00 232.00 807.42 239.46
144.00 232.00 815.95 239.23
304.00 232.00 16.45 224.43
320.00 232.00 39.53 223.93
328.00 232.00 48.22 223.99
336.00 232.00 56.56 224.24
344.00 232.00 71.44 224.13
352.00 232.00 80.10 223.65
360.00 232.00 88.37 223.68
368.00 232.00 96.85 223.91
384.00 232.00 120.57 223.40
392.00 232.00 129.09 224.13
400.00 232.00 137.41 224.73
408.00 232.00 151.99 225.72
416.00 232.00 160.58 225.67
424.00 232.00 168.73 225.68
568.00 232.00 360.06 231.16
576.00 232.00 368.57 231.64
640.00 232.00 479.98 233.09
696.00 232.00 535.03 239.05
336.00 240.00 56.73 232.55
352.00 240.00 80.02 233.04
384.00 240.00 120.62 233.23
392.00 240.00 129.15 232.97
408.00 240.00 151.62 238.93
416.00 240.00 160.28 238.91
424.00 240.00 168.58 238.70
432.00 240.00 176.60 238.61
440.00 240.00 184.69 238.63
480.00 240.00 231.91 239.02
488.00 240.00 239.96 239.50
496.00 240.00 248.26 239.44
512.00 240.00 271.47 239.63
632.00 240.00 472.14 240.34
128.00 248.00 799.46 248.32
136.00 248.00 807.43 248.48
144.00 248.00 815.78 248.48
152.00 248.00 823.80 248.41
328.00 248.00 48.20 247.42
336.00 248.00 56.69 247.08
360.00 248.00 88.43 247.04
368.00 248.00 96.87 247.19
376.00 248.00 111.94 247.39
384.00 248.00 120.52 247.34
392.00 248.00 129.24 247.18
400.00 248.00 143.23 247.15
408.00 248.00 151.65 246.87
416.00 248.00 159.98 246.68
424.00 248.00 168.63 246.55
432.00 248.00 176.70 246.76
440.00 248.00 185.17 246.74
448.00 248.00 193.11 246.88
456.00 248.00 207.35 247.53
464.00 248.00 216.00 248.10
472.00 248.00 223.90 247.91
480.00 248.00 231.80 248.28
488.00 248.00 240.38 247.95
496.00 248.00 248.41 247.43
504.00 248.00 263.55 247.66
512.00 248.00 271.59 248.06
528.00 248.00 288.03 247.23
624.00 248.00 463.66 247.76
632.00 248.00 471.88 248.06
640.00 248.00 479.99 248.84
648.00 248.00 488.08 249.50
656.00 248.00 496.40 249.54
120.00 256.00 791.80 255.94
136.00 256.00 807.36 256.05
144.00 256.00 815.76 255.89
152.00 256.00 823.86 255.85
160.00 256.00 839.42 255.68
168.00 256.00 847.77 255.78
312.00 256.00 25.05 256.12
320.00 256.00 39.32 255.97
328.00 256.00 47.71 256.07
336.00 256.00 56.53 255.97
344.00 256.00 64.78 256.25
352.00 256.00 80.09 255.77
360.00 256.00 88.36 256.30
368.00 256.00 96.74 256.16
376.00 256.00 112.34 256.17
384.00 256.00 120.85 255.92
392.00 256.00 129.34 255.43
400.00 256.00 142.89 255.14
408.00 256.00 151.35 255.19
416.00 256.00 159.89 254.91
424.00 256.00 168.35 254.93
432.00 256.00 176.40 255.48
440.00 256.00 184.96 255.10
448.00 256.00 192.94 254.84
464.00 256.00 215.61 256.07
472.00 256.00 224.00 256.04
480.00 256.00 231.88 256.04
488.00 256.00 240.00 255.61
496.00 256.00 248.84 255.84
504.00 256.00 263.31 256.65
512.00 256.00 271.68 256.13
520.00 256.00 280.02 255.46
528.00 256.00 288.20 255.40
624.00 256.00 456.12 255.97
632.00 256.00 471.70 256.22
640.00 256.00 479.95 256.68
648.00 256.00 488.07 257.07
656.00 256.00 496.45 257.11
672.00 256.00 512.47 256.39
168.00 264.00 847.83 263.40
304.00 264.00 16.61 264.75
320.00 264.00 39.22 264.33
328.00 264.00 47.79 264.16
336.00 264.00 56.57 264.00
344.00 264.00 65.12 264.49
352.00 264.00 79.69 264.66
360.00 264.00 88.45 265.31
368.00 264.00 96.98 265.48
376.00 264.00 111.75 265.03
384.00 264.00 120.36 264.80
392.00 264.00 129.10 264.33
400.00 264.00 142.97 263.88
408.00 264.00 151.21 264.35
416.00 264.00 159.59 264.48
424.00 264.00 168.21 264.25
432.00 264.00 176.69 264.11
440.00 264.00 185.04 263.89
448.00 264.00 193.21 263.22
456.00 264.00 207.60 264.20
464.00 264.00 216.07 264.35
472.00 264.00 224.52 264.98
480.00 264.00 232.59 264.66
488.00 264.00 240.41 264.79
496.00 264.00 248.68 264.78
504.00 264.00 263.34 265.22
512.00 264.00 271.63 264.30
520.00 264.00 280.26 263.60
528.00 264.00 288.23 263.87
536.00 264.00 296.56 264.39
624.00 264.00 463.36 264.23
632.00 264.00 471.64 264.28
640.00 264.00 479.65 264.40
648.00 264.00 487.91 264.73
656.00 264.00 496.28 264.79
664.00 264.00 504.42 264.45
672.00 264.00 512.59 264.10
320.00 272.00 39.29 273.13
328.00 272.00 47.71 273.27
336.00 272.00 56.93 273.22
360.00 272.00 88.29 273.80
384.00 272.00 120.35 273.75
392.00 272.00 129.13 273.10
400.00 272.00 137.41 272.54
408.00 272.00 151.32 273.41
416.00 272.00 160.07 273.41
424.00 272.00 168.36 272.95
432.00 272.00 176.48 272.96
440.00 272.00 184.82 272.36
448.00 272.00 199.10 272.12
456.00 272.00 207.59 272.69
464.00 272.00 215.92 272.99
472.00 272.00 224.38 272.64
480.00 272.00 232.15 272.62
488.00 272.00 240.01 272.84
496.00 272.00 248.41 272.37
504.00 272.00 263.48 272.88
512.00 272.00 272.00 272.50
520.00 272.00 280.38 271.96
528.00 272.00 288.50 271.83
536.00 272.00 296.71 271.92
568.00 272.00 375.93 273.37
624.00 272.00 463.44 272.03
632.00 272.00 471.67 272.00
640.00 272.00 479.57 271.94
648.00 272.00 487.31 272.22
656.00 272.00 495.76 272.24
672.00 272.00 512.72 271.87
304.00 280.00 16.01 286.63
312.00 280.00 24.58 286.61
360.00 280.00 87.97 286.89
368.00 280.00 96.31 286.82
376.00 280.00 104.43 286.89
392.00 280.00 127.87 286.66
400.00 280.00 136.62 286.71
432.00 280.00 176.07 286.17
464.00 280.00 215.56 281.23
472.00 280.00 223.95 281.32
480.00 280.00 231.91 281.40
536.00 280.00 303.88 287.41
624.00 280.00 463.16 279.36
632.00 280.00 471.49 279.30
640.00 280.00 479.57 279.43
648.00 280.00 487.05 279.83
656.00 280.00 495.84 279.82
144.00 288.00 815.79 280.14
304.00 288.00 16.07 295.93
312.00 288.00 24.90 295.75
320.00 288.00 32.96 295.68
336.00 288.00 56.26 295.82
352.00 288.00 79.53 295.39
360.00 288.00 87.80 295.59
368.00 288.00 96.49 295.70
376.00 288.00 104.69 295.48
384.00 288.00 119.08 295.86
392.00 288.00 127.77 295.52
400.00 288.00 136.41 295.21
408.00 288.00 144.85 295.48
416.00 288.00 159.40 295.01
424.00 288.00 168.09 294.95
432.00 288.00 176.25 295.17
440.00 288.00 191.23 294.96
488.00 288.00 247.36 294.17
624.00 288.00 463.22 287.77
632.00 288.00 471.38 287.41
640.00 288.00 479.50 287.49
648.00 288.00 487.22 287.42
656.00 288.00 495.93 287.25
336.00 296.00 56.41 304.27
352.00 296.00 79.47 303.72
360.00 296.00 87.59 303.89
368.00 296.00 96.51 304.19
376.00 296.00 105.05 304.35
384.00 296.00 113.02 304.31
392.00 296.00 127.96 304.86
400.00 296.00 136.61 304.17
408.00 296.00 144.45 304.25
424.00 296.00 168.21 303.84
496.00 296.00 256.26 303.22
624.00 296.00 456.79 295.90
640.00 296.00 479.59 295.43
648.00 296.00 487.57 295.31
656.00 296.00 495.70 295.31
168.00 304.00 847.92 296.68
336.00 304.00 56.53 312.60
352.00 304.00 79.64 312.60
360.00 304.00 87.43 312.71
368.00 304.00 96.46 313.14
376.00 304.00 104.70 312.94
384.00 304.00 112.88 312.34
400.00 304.00 136.98 312.11
416.00 304.00 159.84 312.73
432.00 304.00 183.64 312.13
472.00 304.00 232.37 319.86
624.00 304.00 456.34 303.89
640.00 304.00 472.32 303.66
648.00 304.00 487.58 302.99
656.00 304.00 495.92 302.90
168.00 312.00 847.98 304.18
176.00 312.00 856.07 304.77
320.00 312.00 39.97 321.45
352.00 312.00 79.72 321.34
360.00 312.00 87.73 321.24
368.00 312.00 95.99 321.31
536.00 312.00 335.80 326.87
640.00 312.00 472.18 311.65
648.00 312.00 487.65 310.87
752.00 312.00 576.48 288.10
336.00 320.00 56.52 329.50
344.00 320.00 64.72 329.48
352.00 320.00 72.40 329.21
648.00 320.00 480.41 319.13
224.00 328.00 903.83 328.00
304.00 328.00 16.19 336.82
664.00 336.00 504.39 328.05
672.00 336.00 512.15 327.81
368.00 352.00 200.30 335.80
128.00 392.00 135.40 335.38
