288.00 168.00 215.89 95.51
520.00 192.00 439.97 223.54
520.00 200.00 439.84 231.96
520.00 208.00 440.03 239.84
544.00 208.00 448.63 232.79
552.00 208.00 456.50 232.64
560.00 208.00 464.17 231.74
648.00 208.00 496.50 231.75
648.00 264.00 496.17 247.86
536.00 272.00 447.46 255.79
552.00 272.00 457.71 255.47
520.00 280.00 439.93 264.04
536.00 280.00 447.79 264.30
552.00 280.00 457.35 263.68
560.00 280.00 464.63 263.54
640.00 280.00 488.28 262.69
80.00 288.00 96.26 343.20
648.00 288.00 495.75 265.76
664.00 288.00 504.33 264.90
672.00 288.00 511.56 264.77
616.00 296.00 496.56 311.24
264.00 312.00 184.69 382.52
264.00 320.00 184.39 390.72
264.00 328.00 184.66 399.34
272.00 328.00 192.37 398.70
264.00 336.00 184.93 407.99
264.00 344.00 191.36 416.47
304.00 344.00 256.62 415.35
112.00 360.00 135.50 430.27
112.00 368.00 135.52 438.42
264.00 384.00 239.85 447.68
464.00 400.00 431.74 368.83
624.00 464.00 616.47 463.86
264.00 472.00 264.11 471.94
272.00 472.00 272.18 472.12
280.00 472.00 280.35 471.44
296.00 472.00 304.08 481.12
624.00 472.00 616.59 471.40
632.00 472.00 623.89 471.59
792.00 472.00 791.04 472.01
960.00 472.00 968.50 472.22
976.00 472.00 984.88 471.99
256.00 480.00 256.85 481.35
264.00 480.00 264.71 481.03
272.00 480.00 272.89 480.06
280.00 480.00 280.35 479.04
288.00 480.00 287.60 479.15
296.00 480.00 303.43 487.35
304.00 480.00 312.02 488.48
624.00 480.00 616.35 479.64
632.00 480.00 623.93 480.03
768.00 480.00 767.55 480.06
776.00 480.00 776.32 480.59
784.00 480.00 783.73 480.61
792.00 480.00 791.85 480.33
920.00 480.00 935.91 479.63
928.00 480.00 944.12 479.06
936.00 480.00 952.12 479.23
944.00 480.00 959.77 480.36
960.00 480.00 969.04 480.42
968.00 480.00 976.51 479.75
240.00 488.00 239.27 488.18
248.00 488.00 248.17 488.32
256.00 488.00 256.50 488.81
264.00 488.00 264.33 488.84
272.00 488.00 272.26 488.58
280.00 488.00 279.99 487.10
288.00 488.00 287.07 487.35
608.00 488.00 600.11 487.77
624.00 488.00 615.99 487.98
632.00 488.00 623.81 488.47
760.00 488.00 760.08 487.11
768.00 488.00 767.72 487.43
776.00 488.00 776.40 488.07
784.00 488.00 784.37 488.19
792.00 488.00 792.14 488.02
800.00 488.00 800.00 487.88
808.00 488.00 807.45 487.76
824.00 488.00 823.96 488.40
928.00 488.00 944.44 487.44
936.00 488.00 953.21 487.90
944.00 488.00 960.95 488.74
