912.00 128.00 399.87 136.16
296.00 208.00 31.49 224.96
664.00 232.00 192.02 239.94
672.00 232.00 199.91 240.00
480.00 248.00 47.95 248.47
496.00 248.00 63.58 247.52
496.00 256.00 64.09 255.87
472.00 264.00 40.37 264.59
480.00 264.00 48.10 263.97
488.00 264.00 56.03 263.73
496.00 264.00 63.80 263.66
512.00 264.00 80.21 263.85
488.00 272.00 55.92 271.63
496.00 272.00 63.82 271.73
504.00 272.00 71.99 271.63
512.00 272.00 79.86 271.33
488.00 280.00 56.05 279.17
704.00 296.00 223.46 279.17
744.00 336.00 247.81 304.60
752.00 336.00 255.45 303.92
