752.00 72.00 759.72 111.39
736.00 80.00 744.30 119.82
744.00 80.00 751.84 119.62
728.00 88.00 736.54 127.49
736.00 88.00 744.57 127.34
200.00 96.00 168.54 56.20
208.00 96.00 183.95 55.03
216.00 96.00 192.51 54.69
224.00 96.00 200.62 54.81
272.00 96.00 280.28 63.32
672.00 96.00 711.94 127.64
200.00 104.00 168.68 64.64
208.00 104.00 183.58 63.52
216.00 104.00 192.02 63.03
224.00 104.00 200.32 63.04
232.00 104.00 215.80 63.46
240.00 104.00 223.96 63.55
272.00 104.00 280.29 71.18
280.00 104.00 289.11 71.25
288.00 104.00 297.30 71.61
664.00 104.00 703.55 134.43
752.00 104.00 752.63 135.19
88.00 112.00 63.95 104.51
200.00 112.00 168.71 72.69
208.00 112.00 183.47 71.83
216.00 112.00 192.00 71.33
224.00 112.00 200.91 71.33
232.00 112.00 215.48 71.39
240.00 112.00 224.29 71.33
248.00 112.00 239.61 71.95
272.00 112.00 280.24 79.14
280.00 112.00 288.92 79.32
288.00 112.00 297.16 79.84
296.00 112.00 311.48 79.81
384.00 112.00 431.84 95.36
392.00 112.00 439.71 96.44
752.00 112.00 753.22 142.84
760.00 112.00 761.53 142.94
208.00 120.00 183.76 80.92
216.00 120.00 192.21 80.14
224.00 120.00 201.11 79.96
232.00 120.00 215.66 79.67
240.00 120.00 224.79 79.75
248.00 120.00 239.83 80.34
256.00 120.00 255.83 81.32
272.00 120.00 280.12 87.13
280.00 120.00 288.59 87.21
288.00 120.00 296.82 87.42
296.00 120.00 311.63 87.81
368.00 120.00 407.21 101.86
376.00 120.00 415.93 102.71
384.00 120.00 424.62 103.40
392.00 120.00 439.53 103.51
400.00 120.00 447.84 104.34
408.00 120.00 456.61 105.39
560.00 120.00 607.52 128.10
656.00 120.00 688.34 143.69
664.00 120.00 696.20 145.27
672.00 120.00 704.31 145.53
848.00 120.00 824.34 144.67
176.00 128.00 150.88 105.04
192.00 128.00 167.21 97.43
200.00 128.00 175.18 96.38
208.00 128.00 183.99 89.91
216.00 128.00 192.53 89.33
224.00 128.00 201.22 89.07
232.00 128.00 215.91 88.73
240.00 128.00 224.98 88.86
248.00 128.00 240.14 89.61
264.00 128.00 270.84 95.04
272.00 128.00 280.08 95.01
280.00 128.00 288.49 95.25
288.00 128.00 296.72 95.57
296.00 128.00 311.85 96.39
336.00 128.00 368.59 103.07
344.00 128.00 383.24 103.40
352.00 128.00 391.51 104.59
392.00 128.00 432.56 112.12
544.00 128.00 591.71 135.49
552.00 128.00 599.40 135.69
560.00 128.00 607.15 136.16
624.00 128.00 656.03 142.79
632.00 128.00 663.92 143.37
664.00 128.00 695.54 151.61
680.00 128.00 705.45 151.97
688.00 128.00 719.07 151.89
840.00 128.00 816.64 152.36
848.00 128.00 824.47 152.19
856.00 128.00 831.62 151.64
880.00 128.00 848.68 149.98
168.00 136.00 135.67 112.75
176.00 136.00 143.91 111.21
184.00 136.00 159.31 111.53
200.00 136.00 175.72 105.45
208.00 136.00 184.62 104.37
216.00 136.00 193.05 103.33
232.00 136.00 216.21 97.76
240.00 136.00 225.09 98.02
248.00 136.00 240.35 102.80
256.00 136.00 255.95 103.45
264.00 136.00 270.93 103.96
272.00 136.00 279.80 103.79
280.00 136.00 288.36 103.58
288.00 136.00 296.70 103.99
296.00 136.00 311.76 104.64
328.00 136.00 359.95 110.72
336.00 136.00 368.17 111.49
344.00 136.00 376.85 112.93
352.00 136.00 390.22 113.41
360.00 136.00 399.14 114.15
376.00 136.00 415.59 117.75
384.00 136.00 424.12 118.95
392.00 136.00 432.54 120.76
448.00 136.00 503.00 128.54
472.00 136.00 527.25 134.70
480.00 136.00 535.50 135.40
488.00 136.00 543.64 136.42
496.00 136.00 551.57 136.98
544.00 136.00 585.68 143.53
552.00 136.00 593.34 143.45
560.00 136.00 606.86 144.29
616.00 136.00 648.60 150.62
624.00 136.00 655.91 151.05
632.00 136.00 663.92 151.52
640.00 136.00 671.99 152.16
672.00 136.00 697.29 158.08
680.00 136.00 704.60 158.33
688.00 136.00 712.27 158.68
840.00 136.00 816.66 159.57
848.00 136.00 823.92 159.21
856.00 136.00 831.35 158.77
864.00 136.00 838.93 158.18
168.00 144.00 135.90 121.00
176.00 144.00 144.63 119.72
184.00 144.00 159.10 118.99
192.00 144.00 168.01 118.37
200.00 144.00 176.38 113.88
208.00 144.00 185.05 113.58
216.00 144.00 198.92 112.80
224.00 144.00 207.43 112.32
232.00 144.00 216.30 112.06
240.00 144.00 231.92 111.55
256.00 144.00 256.73 112.54
264.00 144.00 270.89 112.42
272.00 144.00 279.60 112.35
280.00 144.00 288.79 112.32
288.00 144.00 297.12 112.55
296.00 144.00 311.47 113.09
312.00 144.00 336.59 117.94
320.00 144.00 350.88 117.87
328.00 144.00 359.12 118.58
336.00 144.00 367.78 119.77
344.00 144.00 376.79 121.64
352.00 144.00 385.46 122.73
368.00 144.00 407.06 125.23
376.00 144.00 415.51 125.94
384.00 144.00 424.28 127.22
392.00 144.00 432.33 129.15
416.00 144.00 456.82 134.05
424.00 144.00 465.08 135.07
440.00 144.00 487.74 136.05
448.00 144.00 495.67 136.79
456.00 144.00 503.94 137.61
464.00 144.00 511.86 138.05
480.00 144.00 528.54 142.47
504.00 144.00 552.17 145.16
536.00 144.00 577.60 150.99
544.00 144.00 585.69 151.61
552.00 144.00 593.92 151.60
560.00 144.00 606.34 151.86
568.00 144.00 614.52 152.32
584.00 144.00 623.80 152.53
616.00 144.00 648.22 158.41
624.00 144.00 656.44 159.00
632.00 144.00 664.16 159.41
640.00 144.00 671.80 159.80
648.00 144.00 679.47 160.23
168.00 152.00 135.87 129.48
176.00 152.00 144.65 128.40
184.00 152.00 159.07 127.09
192.00 152.00 168.16 126.52
200.00 152.00 176.62 126.11
256.00 152.00 256.52 129.69
264.00 152.00 265.16 129.22
272.00 152.00 279.18 128.27
280.00 152.00 288.06 128.36
288.00 152.00 302.69 128.08
296.00 152.00 311.73 128.67
304.00 152.00 320.51 129.57
312.00 152.00 335.39 127.47
320.00 152.00 344.31 128.12
328.00 152.00 352.86 128.54
336.00 152.00 367.49 129.04
344.00 152.00 376.75 133.15
352.00 152.00 385.77 133.29
360.00 152.00 393.97 133.71
368.00 152.00 406.87 134.03
376.00 152.00 415.21 134.47
384.00 152.00 423.78 136.17
392.00 152.00 431.75 137.79
400.00 152.00 439.96 141.24
408.00 152.00 448.64 141.46
416.00 152.00 456.95 141.94
424.00 152.00 465.31 142.72
432.00 152.00 479.44 143.82
440.00 152.00 486.29 144.85
448.00 152.00 494.12 145.64
456.00 152.00 502.37 146.01
480.00 152.00 527.29 150.41
488.00 152.00 535.42 151.46
504.00 152.00 544.03 152.70
528.00 152.00 569.29 158.17
536.00 152.00 577.38 158.69
544.00 152.00 586.00 159.48
552.00 152.00 593.68 159.50
560.00 152.00 606.05 159.25
576.00 152.00 616.37 160.03
600.00 152.00 631.88 161.52
624.00 152.00 655.98 166.25
632.00 152.00 663.86 166.50
640.00 152.00 671.49 166.79
896.00 152.00 865.49 168.52
168.00 160.00 135.77 137.72
176.00 160.00 145.19 137.28
184.00 160.00 158.94 135.95
192.00 160.00 168.13 134.99
200.00 160.00 177.20 134.73
208.00 160.00 191.50 136.65
216.00 160.00 200.78 137.29
232.00 160.00 225.54 144.87
240.00 160.00 239.22 144.86
248.00 160.00 247.93 144.22
256.00 160.00 256.51 144.05
264.00 160.00 265.15 143.78
280.00 160.00 287.57 137.94
296.00 160.00 304.74 143.20
312.00 160.00 327.56 141.87
320.00 160.00 336.28 142.60
328.00 160.00 351.65 141.86
344.00 160.00 375.11 141.72
352.00 160.00 383.90 141.71
360.00 160.00 392.89 142.39
368.00 160.00 401.32 143.08
376.00 160.00 414.96 143.69
384.00 160.00 423.20 144.56
392.00 160.00 431.31 145.97
400.00 160.00 438.52 149.55
408.00 160.00 446.89 149.90
416.00 160.00 455.77 150.35
424.00 160.00 464.29 150.85
432.00 160.00 473.14 151.56
440.00 160.00 481.14 152.68
448.00 160.00 488.55 153.48
456.00 160.00 497.12 153.79
464.00 160.00 504.59 154.21
480.00 160.00 520.54 158.20
488.00 160.00 527.97 158.76
496.00 160.00 536.41 160.08
504.00 160.00 543.57 160.67
512.00 160.00 551.75 161.14
520.00 160.00 559.92 161.75
536.00 160.00 576.64 166.47
544.00 160.00 585.47 166.86
552.00 160.00 593.07 167.07
568.00 160.00 608.30 167.64
576.00 160.00 615.94 168.03
592.00 160.00 623.89 168.65
600.00 160.00 631.73 169.21
608.00 160.00 639.89 169.54
632.00 160.00 663.76 174.18
648.00 160.00 673.32 175.15
848.00 160.00 823.39 177.86
856.00 160.00 830.60 177.46
880.00 160.00 850.04 176.27
888.00 160.00 857.58 176.21
896.00 160.00 864.93 176.35
184.00 168.00 158.98 145.29
192.00 168.00 168.27 144.10
208.00 168.00 191.82 145.18
216.00 168.00 207.81 152.88
224.00 168.00 216.79 152.56
232.00 168.00 225.71 152.48
240.00 168.00 239.03 152.71
248.00 168.00 247.43 152.98
256.00 168.00 256.43 152.77
264.00 168.00 265.09 152.37
272.00 168.00 273.65 152.47
280.00 168.00 286.61 152.22
288.00 168.00 295.71 152.54
296.00 168.00 304.65 152.59
304.00 168.00 318.41 150.51
312.00 168.00 327.15 150.66
320.00 168.00 336.24 151.20
328.00 168.00 350.85 150.82
336.00 168.00 359.65 151.05
344.00 168.00 374.25 150.10
352.00 168.00 382.85 150.56
360.00 168.00 390.59 151.61
368.00 168.00 399.85 152.36
376.00 168.00 407.93 153.84
408.00 168.00 441.97 158.93
416.00 168.00 454.19 158.92
424.00 168.00 463.02 159.77
432.00 168.00 470.90 160.71
440.00 168.00 478.91 161.23
448.00 168.00 487.06 162.04
496.00 168.00 535.47 167.82
504.00 168.00 543.20 168.09
512.00 168.00 551.05 168.68
520.00 168.00 559.19 169.13
528.00 168.00 567.54 169.58
536.00 168.00 575.58 173.94
544.00 168.00 584.27 174.39
584.00 168.00 615.78 175.46
592.00 168.00 623.66 175.78
600.00 168.00 631.72 176.14
608.00 168.00 640.29 177.05
616.00 168.00 648.43 177.42
624.00 168.00 656.70 177.55
680.00 168.00 704.91 185.31
720.00 168.00 736.14 190.61
856.00 168.00 830.60 185.04
872.00 168.00 842.35 184.22
880.00 168.00 850.11 183.98
888.00 168.00 857.04 183.65
896.00 168.00 864.80 183.11
104.00 176.00 24.97 160.39
160.00 176.00 128.12 160.21
208.00 176.00 198.97 161.32
216.00 176.00 207.40 161.50
224.00 176.00 216.54 161.27
232.00 176.00 225.60 161.08
240.00 176.00 239.37 161.46
248.00 176.00 247.83 161.60
256.00 176.00 256.52 161.61
264.00 176.00 264.89 161.79
272.00 176.00 273.57 161.95
280.00 176.00 286.88 161.28
288.00 176.00 295.80 161.73
296.00 176.00 304.20 161.59
304.00 176.00 313.43 161.62
312.00 176.00 326.39 160.48
320.00 176.00 335.57 160.84
328.00 176.00 344.79 161.76
336.00 176.00 360.13 159.70
344.00 176.00 368.84 160.57
352.00 176.00 382.32 159.70
360.00 176.00 390.83 160.33
368.00 176.00 399.09 161.30
376.00 176.00 407.07 162.25
384.00 176.00 414.68 165.14
392.00 176.00 422.91 165.93
400.00 176.00 431.84 167.25
408.00 176.00 440.33 167.76
416.00 176.00 448.15 168.24
424.00 176.00 455.60 169.09
432.00 176.00 464.74 169.45
440.00 176.00 473.03 169.63
448.00 176.00 481.25 169.98
456.00 176.00 489.76 170.33
472.00 176.00 504.82 173.88
480.00 176.00 512.33 174.19
488.00 176.00 520.00 174.89
496.00 176.00 527.89 175.40
504.00 176.00 536.35 176.35
512.00 176.00 544.09 176.56
520.00 176.00 552.58 176.74
528.00 176.00 561.06 177.22
576.00 176.00 606.99 183.15
584.00 176.00 614.56 183.49
592.00 176.00 622.50 183.64
600.00 176.00 631.94 183.82
608.00 176.00 640.10 184.58
616.00 176.00 647.89 184.81
656.00 176.00 681.59 191.47
664.00 176.00 689.45 192.41
672.00 176.00 697.41 192.90
680.00 176.00 704.81 193.09
688.00 176.00 712.37 193.11
760.00 176.00 761.21 198.22
848.00 176.00 824.23 193.36
856.00 176.00 831.12 192.85
864.00 176.00 838.57 192.51
880.00 176.00 850.04 192.54
888.00 176.00 857.14 191.65
896.00 176.00 864.85 191.41
96.00 184.00 15.71 169.73
104.00 184.00 24.70 169.32
112.00 184.00 39.01 168.58
200.00 184.00 191.24 174.74
208.00 184.00 198.77 170.09
216.00 184.00 207.75 170.03
224.00 184.00 216.53 169.74
232.00 184.00 225.83 170.01
240.00 184.00 238.80 173.68
248.00 184.00 247.33 170.16
256.00 184.00 256.29 173.73
264.00 184.00 264.88 173.85
272.00 184.00 273.29 173.67
280.00 184.00 281.89 173.83
296.00 184.00 303.62 173.49
304.00 184.00 312.20 173.76
312.00 184.00 320.86 173.81
320.00 184.00 335.11 170.81
328.00 184.00 350.90 169.56
336.00 184.00 359.80 168.99
344.00 184.00 368.15 169.44
352.00 184.00 376.58 169.68
368.00 184.00 392.01 173.69
376.00 184.00 400.16 174.01
384.00 184.00 408.05 174.90
392.00 184.00 416.32 175.66
400.00 184.00 424.56 176.32
408.00 184.00 433.33 176.90
416.00 184.00 445.77 177.50
424.00 184.00 454.52 177.61
432.00 184.00 462.75 177.82
440.00 184.00 471.70 178.19
448.00 184.00 480.28 178.25
456.00 184.00 488.59 178.68
464.00 184.00 496.45 181.75
472.00 184.00 504.31 181.69
480.00 184.00 511.66 182.19
488.00 184.00 518.72 182.82
496.00 184.00 526.82 183.58
504.00 184.00 535.03 184.23
512.00 184.00 543.15 184.60
520.00 184.00 551.47 184.90
528.00 184.00 560.09 185.14
576.00 184.00 600.61 189.45
584.00 184.00 608.91 190.24
592.00 184.00 617.14 190.73
600.00 184.00 630.62 191.37
608.00 184.00 639.23 191.80
616.00 184.00 647.21 192.59
624.00 184.00 655.93 192.76
632.00 184.00 664.10 192.66
664.00 184.00 689.68 199.73
672.00 184.00 697.45 200.26
680.00 184.00 704.91 199.60
688.00 184.00 712.48 199.77
712.00 184.00 727.71 200.68
736.00 184.00 744.61 200.56
840.00 184.00 817.13 200.07
848.00 184.00 824.45 200.24
856.00 184.00 831.22 200.40
864.00 184.00 838.54 200.35
880.00 184.00 849.50 200.05
888.00 184.00 856.76 199.50
96.00 192.00 15.65 181.70
112.00 192.00 39.04 177.14
200.00 192.00 190.91 184.12
208.00 192.00 199.47 182.93
216.00 192.00 208.48 182.00
224.00 192.00 216.82 181.76
240.00 192.00 238.53 182.27
248.00 192.00 247.34 182.19
256.00 192.00 255.66 182.32
264.00 192.00 264.82 182.41
272.00 192.00 273.25 182.22
280.00 192.00 281.39 182.24
288.00 192.00 295.06 182.58
296.00 192.00 303.45 182.47
304.00 192.00 311.88 182.44
312.00 192.00 320.26 182.60
320.00 192.00 329.18 183.23
328.00 192.00 337.81 183.25
336.00 192.00 351.29 183.19
344.00 192.00 359.42 183.36
352.00 192.00 367.73 184.22
360.00 192.00 375.95 184.73
368.00 192.00 384.63 184.48
376.00 192.00 398.51 183.91
384.00 192.00 406.65 184.62
392.00 192.00 414.83 184.89
400.00 192.00 423.75 185.59
408.00 192.00 432.18 185.81
416.00 192.00 441.12 186.07
424.00 192.00 449.04 186.22
472.00 192.00 497.22 190.15
488.00 192.00 512.97 191.03
496.00 192.00 521.45 191.85
504.00 192.00 529.08 192.80
512.00 192.00 537.22 193.23
520.00 192.00 545.25 193.13
536.00 192.00 560.77 193.61
544.00 192.00 567.97 193.56
584.00 192.00 608.73 197.66
592.00 192.00 616.69 197.99
600.00 192.00 625.42 198.36
608.00 192.00 638.58 199.55
616.00 192.00 647.22 199.22
624.00 192.00 655.51 199.60
632.00 192.00 663.99 199.28
640.00 192.00 671.81 199.81
664.00 192.00 689.61 207.29
672.00 192.00 697.38 207.60
712.00 192.00 727.77 206.75
720.00 192.00 735.11 208.32
800.00 192.00 791.56 207.85
816.00 192.00 800.95 208.37
840.00 192.00 817.05 207.66
848.00 192.00 824.89 207.32
856.00 192.00 831.55 207.55
864.00 192.00 838.67 207.88
880.00 192.00 849.08 207.05
888.00 192.00 856.81 207.06
96.00 200.00 15.78 190.00
104.00 200.00 24.75 189.56
112.00 200.00 39.33 185.96
120.00 200.00 48.79 185.41
128.00 200.00 63.40 184.43
144.00 200.00 112.52 190.41
176.00 200.00 151.38 186.08
192.00 200.00 175.58 190.10
200.00 200.00 190.54 192.66
208.00 200.00 199.21 191.60
216.00 200.00 208.22 190.71
224.00 200.00 217.13 190.76
232.00 200.00 225.47 191.12
240.00 200.00 238.67 190.84
248.00 200.00 247.10 191.08
256.00 200.00 255.39 191.11
264.00 200.00 264.74 191.18
272.00 200.00 273.35 191.08
280.00 200.00 281.31 191.20
288.00 200.00 294.69 192.19
296.00 200.00 302.97 191.92
304.00 200.00 311.42 191.90
312.00 200.00 319.92 192.07
320.00 200.00 328.66 192.43
328.00 200.00 337.40 192.72
336.00 200.00 345.65 192.86
344.00 200.00 353.73 193.40
352.00 200.00 366.52 193.93
360.00 200.00 375.15 194.01
368.00 200.00 383.75 193.79
376.00 200.00 392.43 193.89
384.00 200.00 400.87 193.94
392.00 200.00 409.50 193.84
400.00 200.00 417.17 194.10
440.00 200.00 462.57 197.28
448.00 200.00 470.40 197.94
456.00 200.00 478.89 198.02
464.00 200.00 487.30 197.98
472.00 200.00 495.01 198.00
480.00 200.00 503.48 198.30
488.00 200.00 511.34 199.04
496.00 200.00 519.33 199.42
504.00 200.00 528.06 200.37
512.00 200.00 535.17 201.07
520.00 200.00 543.97 201.53
536.00 200.00 559.40 201.92
544.00 200.00 567.17 202.10
552.00 200.00 574.79 201.88
560.00 200.00 582.79 202.00
568.00 200.00 591.49 201.91
576.00 200.00 599.60 202.41
640.00 200.00 671.84 206.60
648.00 200.00 679.69 207.48
672.00 200.00 697.14 215.12
704.00 200.00 720.82 209.95
720.00 200.00 735.04 215.63
736.00 200.00 744.49 216.14
744.00 200.00 751.19 216.32
760.00 200.00 761.61 216.18
784.00 200.00 776.83 215.60
800.00 200.00 791.35 215.37
816.00 200.00 800.58 215.42
824.00 200.00 807.99 215.31
840.00 200.00 817.71 215.21
848.00 200.00 825.38 214.69
856.00 200.00 831.61 214.92
864.00 200.00 838.67 215.09
96.00 208.00 15.78 198.80
104.00 208.00 24.83 198.10
128.00 208.00 63.75 193.88
144.00 208.00 112.51 199.07
152.00 208.00 121.11 198.64
160.00 208.00 128.54 198.21
176.00 208.00 151.86 197.82
184.00 208.00 160.72 194.29
192.00 208.00 175.51 198.47
200.00 208.00 190.27 200.66
208.00 208.00 199.54 200.71
216.00 208.00 208.40 200.05
224.00 208.00 217.12 200.37
232.00 208.00 225.60 200.33
240.00 208.00 238.64 200.25
248.00 208.00 247.40 200.07
256.00 208.00 255.78 200.00
264.00 208.00 264.95 200.08
272.00 208.00 273.66 200.04
280.00 208.00 281.82 200.23
288.00 208.00 294.19 201.23
296.00 208.00 302.87 201.07
304.00 208.00 311.47 201.15
312.00 208.00 320.10 201.64
320.00 208.00 328.51 201.80
328.00 208.00 337.23 201.94
336.00 208.00 345.54 202.19
344.00 208.00 353.96 202.49
368.00 208.00 383.24 202.82
376.00 208.00 391.49 205.10
384.00 208.00 399.11 205.52
416.00 208.00 431.60 202.76
432.00 208.00 448.99 205.48
440.00 208.00 456.57 206.13
448.00 208.00 465.44 206.25
456.00 208.00 473.34 206.99
464.00 208.00 481.11 206.94
472.00 208.00 489.01 206.78
480.00 208.00 496.85 206.89
488.00 208.00 505.55 207.43
496.00 208.00 513.73 207.77
504.00 208.00 521.42 207.78
512.00 208.00 529.34 208.54
520.00 208.00 537.12 209.00
528.00 208.00 544.48 208.83
536.00 208.00 552.75 208.66
544.00 208.00 560.81 208.88
552.00 208.00 574.18 209.44
560.00 208.00 582.46 209.25
568.00 208.00 590.44 209.85
576.00 208.00 599.53 210.07
584.00 208.00 608.05 210.24
592.00 208.00 616.95 210.48
696.00 208.00 713.14 217.74
704.00 208.00 720.61 217.57
712.00 208.00 727.56 217.73
720.00 208.00 735.13 223.27
736.00 208.00 744.30 223.73
744.00 208.00 751.58 223.62
96.00 216.00 15.72 206.87
104.00 216.00 24.89 206.76
112.00 216.00 39.96 206.42
120.00 216.00 55.17 206.30
144.00 216.00 112.40 208.16
152.00 216.00 121.10 207.53
160.00 216.00 128.00 206.43
168.00 216.00 143.69 207.15
176.00 216.00 151.90 206.53
184.00 216.00 161.21 205.97
192.00 216.00 175.46 207.22
200.00 216.00 185.09 207.96
208.00 216.00 199.15 208.75
216.00 216.00 208.53 208.91
224.00 216.00 217.11 209.07
232.00 216.00 230.11 208.92
240.00 216.00 238.68 208.95
248.00 216.00 247.67 208.89
256.00 216.00 255.88 208.82
264.00 216.00 265.22 209.51
272.00 216.00 273.64 209.48
280.00 216.00 282.31 209.28
288.00 216.00 293.91 209.64
296.00 216.00 302.53 209.87
304.00 216.00 311.52 209.96
312.00 216.00 320.26 210.19
320.00 216.00 328.67 210.53
328.00 216.00 337.31 210.83
336.00 216.00 345.64 210.93
344.00 216.00 354.10 213.37
352.00 216.00 362.83 213.25
368.00 216.00 382.40 213.24
376.00 216.00 390.53 213.51
384.00 216.00 398.01 213.69
392.00 216.00 405.89 213.97
408.00 216.00 417.15 213.93
416.00 216.00 425.14 213.90
424.00 216.00 438.11 214.39
432.00 216.00 446.68 214.37
440.00 216.00 455.30 214.30
448.00 216.00 463.32 214.57
456.00 216.00 471.42 214.89
464.00 216.00 479.27 215.16
472.00 216.00 487.18 215.19
480.00 216.00 495.24 215.68
488.00 216.00 503.87 215.77
496.00 216.00 512.32 215.77
504.00 216.00 520.11 215.87
512.00 216.00 528.51 216.39
520.00 216.00 536.25 216.38
528.00 216.00 544.04 216.22
536.00 216.00 551.74 216.75
544.00 216.00 559.93 216.81
552.00 216.00 568.46 217.16
560.00 216.00 577.44 217.27
568.00 216.00 590.92 217.17
576.00 216.00 599.34 217.66
584.00 216.00 608.20 217.77
592.00 216.00 617.28 218.05
672.00 216.00 696.80 224.58
680.00 216.00 704.01 225.15
696.00 216.00 713.41 225.37
704.00 216.00 721.30 225.41
712.00 216.00 727.72 225.39
96.00 224.00 15.46 215.76
104.00 224.00 24.66 215.90
112.00 224.00 40.41 215.97
120.00 224.00 54.94 215.73
128.00 224.00 64.12 214.97
136.00 224.00 80.06 215.18
152.00 224.00 120.60 216.62
160.00 224.00 127.72 215.89
168.00 224.00 136.27 215.62
176.00 224.00 151.08 215.66
184.00 224.00 161.44 215.50
192.00 224.00 175.64 216.09
200.00 224.00 185.60 216.57
208.00 224.00 199.17 217.47
216.00 224.00 208.53 217.55
224.00 224.00 217.30 217.82
232.00 224.00 226.05 217.84
240.00 224.00 238.85 218.02
248.00 224.00 247.33 217.84
256.00 224.00 255.87 217.88
264.00 224.00 265.18 218.15
272.00 224.00 273.81 218.21
280.00 224.00 282.32 218.20
288.00 224.00 293.58 218.32
296.00 224.00 302.37 218.33
304.00 224.00 311.40 218.64
312.00 224.00 319.87 218.72
320.00 224.00 329.15 221.50
328.00 224.00 337.53 221.41
336.00 224.00 345.95 221.35
344.00 224.00 354.80 221.33
352.00 224.00 362.79 221.47
368.00 224.00 381.68 221.46
376.00 224.00 389.64 221.35
392.00 224.00 402.14 221.95
400.00 224.00 409.94 222.05
408.00 224.00 417.18 221.82
416.00 224.00 425.21 222.24
424.00 224.00 433.74 222.75
432.00 224.00 441.43 222.41
440.00 224.00 453.70 223.00
456.00 224.00 469.98 223.08
464.00 224.00 477.71 223.20
472.00 224.00 486.07 223.48
480.00 224.00 494.54 223.52
488.00 224.00 502.74 223.43
496.00 224.00 511.09 223.65
504.00 224.00 519.15 223.97
512.00 224.00 526.83 224.15
520.00 224.00 534.83 224.03
528.00 224.00 543.07 224.07
536.00 224.00 550.67 224.45
544.00 224.00 559.00 225.08
552.00 224.00 568.17 224.87
560.00 224.00 577.34 225.22
568.00 224.00 591.01 225.05
576.00 224.00 599.15 225.18
584.00 224.00 608.03 225.39
592.00 224.00 617.33 225.55
600.00 224.00 625.49 225.54
608.00 224.00 638.43 225.38
656.00 224.00 681.78 223.92
672.00 224.00 696.84 231.16
680.00 224.00 703.95 231.88
704.00 224.00 721.14 232.24
712.00 224.00 727.69 232.31
816.00 224.00 800.70 231.84
824.00 224.00 808.09 232.00
856.00 224.00 831.83 232.55
864.00 224.00 838.86 232.18
96.00 232.00 15.30 225.28
104.00 232.00 24.62 225.23
112.00 232.00 40.14 225.25
120.00 232.00 49.90 224.69
128.00 232.00 63.92 224.77
152.00 232.00 120.83 225.96
160.00 232.00 127.75 225.57
168.00 232.00 135.68 225.17
176.00 232.00 150.42 224.79
184.00 232.00 161.23 224.79
192.00 232.00 176.11 225.01
200.00 232.00 185.84 225.21
208.00 232.00 199.00 230.58
216.00 232.00 208.50 230.14
224.00 232.00 217.48 230.31
232.00 232.00 226.06 230.21
240.00 232.00 238.56 230.04
248.00 232.00 247.10 229.62
256.00 232.00 255.46 229.39
264.00 232.00 264.74 226.95
272.00 232.00 273.71 226.95
288.00 232.00 293.85 229.60
296.00 232.00 302.21 229.75
304.00 232.00 311.21 230.01
312.00 232.00 320.46 230.20
320.00 232.00 328.98 230.06
328.00 232.00 337.63 229.66
336.00 232.00 346.05 229.57
344.00 232.00 354.82 229.55
352.00 232.00 362.70 229.61
360.00 232.00 370.96 229.61
368.00 232.00 381.49 229.88
376.00 232.00 389.63 230.19
384.00 232.00 397.32 230.45
400.00 232.00 410.46 230.41
408.00 232.00 417.94 230.84
416.00 232.00 425.84 231.14
424.00 232.00 434.05 231.17
432.00 232.00 441.96 231.10
440.00 232.00 449.79 231.21
448.00 232.00 458.09 231.22
456.00 232.00 465.99 231.46
464.00 232.00 474.51 231.25
472.00 232.00 482.30 231.26
480.00 232.00 490.02 231.54
488.00 232.00 497.55 231.94
496.00 232.00 505.95 232.07
504.00 232.00 513.87 231.92
512.00 232.00 522.30 231.75
520.00 232.00 530.41 231.71
528.00 232.00 538.09 231.80
536.00 232.00 550.11 232.61
544.00 232.00 558.60 232.96
552.00 232.00 568.15 233.17
560.00 232.00 577.19 233.05
568.00 232.00 590.77 232.64
576.00 232.00 599.63 232.86
584.00 232.00 607.95 233.74
592.00 232.00 617.04 233.77
624.00 232.00 655.56 233.50
632.00 232.00 663.05 233.30
648.00 232.00 673.62 232.33
656.00 232.00 681.64 232.00
704.00 232.00 721.05 239.96
712.00 232.00 728.03 239.73
720.00 232.00 735.21 239.92
792.00 232.00 784.64 240.66
816.00 232.00 801.37 238.83
824.00 232.00 808.58 238.53
96.00 240.00 15.82 239.21
104.00 240.00 25.03 238.47
112.00 240.00 39.80 237.57
120.00 240.00 49.70 237.37
128.00 240.00 64.30 237.40
136.00 240.00 79.76 237.34
160.00 240.00 127.59 234.67
176.00 240.00 150.73 234.06
184.00 240.00 161.42 233.12
192.00 240.00 175.58 238.74
200.00 240.00 185.88 238.57
208.00 240.00 198.95 239.43
216.00 240.00 208.39 239.14
224.00 240.00 217.68 239.09
232.00 240.00 226.18 238.70
240.00 240.00 238.53 239.28
248.00 240.00 246.85 238.94
256.00 240.00 255.57 238.36
264.00 240.00 264.37 237.77
272.00 240.00 274.08 237.78
280.00 240.00 285.37 237.42
288.00 240.00 293.75 237.72
296.00 240.00 302.11 238.49
304.00 240.00 311.34 238.53
312.00 240.00 320.29 238.50
320.00 240.00 328.81 238.64
328.00 240.00 337.73 239.26
336.00 240.00 346.13 238.73
344.00 240.00 354.79 238.02
352.00 240.00 362.61 237.94
360.00 240.00 370.90 238.57
368.00 240.00 381.18 238.52
376.00 240.00 389.54 239.00
384.00 240.00 397.30 238.74
392.00 240.00 405.45 238.88
408.00 240.00 418.03 238.84
416.00 240.00 425.86 239.71
424.00 240.00 433.90 239.66
432.00 240.00 442.11 239.51
440.00 240.00 450.07 239.50
448.00 240.00 457.92 239.43
456.00 240.00 465.88 239.09
464.00 240.00 474.15 239.24
472.00 240.00 482.01 239.22
480.00 240.00 489.64 239.34
488.00 240.00 497.30 239.69
496.00 240.00 505.46 239.75
504.00 240.00 513.84 240.06
512.00 240.00 521.92 239.96
520.00 240.00 530.53 240.03
528.00 240.00 538.29 240.06
536.00 240.00 549.98 240.27
544.00 240.00 558.99 240.82
552.00 240.00 568.59 240.87
560.00 240.00 577.59 240.76
568.00 240.00 590.84 240.51
576.00 240.00 599.77 240.68
584.00 240.00 608.51 240.78
592.00 240.00 617.26 241.03
600.00 240.00 630.17 241.03
608.00 240.00 639.12 241.19
616.00 240.00 647.33 241.57
624.00 240.00 655.82 241.54
632.00 240.00 663.33 241.39
648.00 240.00 674.24 240.94
656.00 240.00 682.01 240.85
664.00 240.00 689.93 240.21
680.00 240.00 703.79 247.68
688.00 240.00 711.24 247.79
704.00 240.00 720.84 247.87
712.00 240.00 728.21 248.25
720.00 240.00 735.25 248.01
824.00 240.00 809.29 246.56
856.00 240.00 831.92 247.36
96.00 248.00 15.78 247.84
104.00 248.00 24.99 247.69
112.00 248.00 39.80 247.29
120.00 248.00 49.71 246.76
128.00 248.00 64.35 246.34
136.00 248.00 79.84 246.39
152.00 248.00 111.03 246.03
160.00 248.00 126.92 246.53
168.00 248.00 134.88 246.07
176.00 248.00 150.35 245.63
184.00 248.00 161.24 246.63
192.00 248.00 174.94 247.66
200.00 248.00 185.75 247.35
208.00 248.00 199.23 248.19
216.00 248.00 208.05 248.01
224.00 248.00 217.61 248.27
232.00 248.00 229.66 248.26
240.00 248.00 238.43 247.78
248.00 248.00 246.96 247.19
256.00 248.00 256.24 247.34
264.00 248.00 264.34 246.72
272.00 248.00 273.76 246.94
280.00 248.00 282.35 246.64
288.00 248.00 293.92 247.06
296.00 248.00 302.30 247.69
304.00 248.00 311.09 248.21
312.00 248.00 320.42 248.16
320.00 248.00 328.94 248.02
328.00 248.00 337.27 247.46
336.00 248.00 345.76 247.32
344.00 248.00 354.50 246.57
352.00 248.00 362.54 247.04
360.00 248.00 370.74 247.22
368.00 248.00 381.33 246.85
376.00 248.00 389.73 246.73
384.00 248.00 397.21 246.80
392.00 248.00 405.13 247.06
408.00 248.00 418.06 246.88
416.00 248.00 426.17 247.58
424.00 248.00 434.19 247.64
432.00 248.00 442.13 247.73
440.00 248.00 450.18 247.89
448.00 248.00 457.88 247.77
456.00 248.00 466.03 247.72
464.00 248.00 473.99 247.98
472.00 248.00 481.86 247.71
480.00 248.00 489.50 247.74
488.00 248.00 496.96 247.77
496.00 248.00 505.35 248.09
504.00 248.00 513.46 248.03
512.00 248.00 521.93 247.98
520.00 248.00 530.39 248.20
528.00 248.00 541.47 247.97
536.00 248.00 549.62 248.26
544.00 248.00 558.23 248.76
552.00 248.00 568.54 249.00
560.00 248.00 577.40 248.68
568.00 248.00 590.83 248.41
576.00 248.00 599.71 248.37
584.00 248.00 608.53 248.44
592.00 248.00 617.14 248.34
600.00 248.00 630.26 248.49
608.00 248.00 638.86 248.38
616.00 248.00 647.55 248.50
624.00 248.00 655.55 248.73
632.00 248.00 663.19 248.70
640.00 248.00 670.76 248.53
656.00 248.00 682.29 247.77
664.00 248.00 690.03 248.13
672.00 248.00 696.96 248.65
712.00 248.00 728.18 256.17
96.00 256.00 15.76 256.63
104.00 256.00 24.77 256.43
112.00 256.00 39.39 256.86
120.00 256.00 49.64 256.48
128.00 256.00 64.34 256.04
136.00 256.00 79.87 256.47
144.00 256.00 95.19 255.98
152.00 256.00 110.96 256.23
160.00 256.00 120.05 256.36
168.00 256.00 134.71 256.14
176.00 256.00 145.25 256.21
184.00 256.00 160.88 256.77
192.00 256.00 175.01 255.92
200.00 256.00 185.40 256.13
208.00 256.00 199.42 256.45
216.00 256.00 208.31 256.47
224.00 256.00 217.62 257.00
232.00 256.00 226.69 256.63
240.00 256.00 238.65 256.88
248.00 256.00 247.32 256.70
256.00 256.00 256.29 257.31
264.00 256.00 264.95 257.38
272.00 256.00 273.73 256.95
280.00 256.00 282.14 256.48
288.00 256.00 293.70 256.17
296.00 256.00 302.67 256.44
304.00 256.00 311.70 257.14
312.00 256.00 320.72 257.05
320.00 256.00 328.62 257.03
328.00 256.00 337.18 256.52
336.00 256.00 345.73 256.70
344.00 256.00 354.31 255.72
352.00 256.00 362.30 256.15
360.00 256.00 370.36 255.89
368.00 256.00 378.46 255.84
376.00 256.00 389.58 255.71
384.00 256.00 397.30 255.89
392.00 256.00 405.52 255.66
400.00 256.00 413.51 255.41
416.00 256.00 426.35 255.90
424.00 256.00 434.37 256.03
432.00 256.00 442.20 256.24
440.00 256.00 450.16 256.07
448.00 256.00 458.42 256.08
456.00 256.00 466.50 255.86
464.00 256.00 474.25 256.19
472.00 256.00 482.29 256.27
480.00 256.00 489.86 255.90
488.00 256.00 497.60 255.82
496.00 256.00 505.73 255.97
504.00 256.00 513.98 256.01
512.00 256.00 521.91 256.21
520.00 256.00 530.48 256.11
528.00 256.00 541.60 256.19
544.00 256.00 558.20 256.06
552.00 256.00 568.57 256.71
560.00 256.00 577.40 256.71
568.00 256.00 590.80 256.16
576.00 256.00 599.99 256.24
584.00 256.00 609.01 255.88
592.00 256.00 622.26 255.90
608.00 256.00 638.73 255.60
616.00 256.00 647.13 256.05
624.00 256.00 655.14 255.99
632.00 256.00 663.60 255.62
640.00 256.00 671.06 255.55
664.00 256.00 689.90 255.38
672.00 256.00 696.78 256.20
680.00 256.00 704.24 257.07
744.00 256.00 752.34 255.90
96.00 264.00 15.96 265.48
104.00 264.00 25.27 265.40
112.00 264.00 39.59 265.62
120.00 264.00 49.43 266.03
128.00 264.00 64.48 266.07
136.00 264.00 79.69 266.09
144.00 264.00 95.53 266.34
152.00 264.00 105.01 266.26
160.00 264.00 120.20 266.05
168.00 264.00 134.43 265.92
176.00 264.00 145.47 265.74
184.00 264.00 160.70 265.73
192.00 264.00 175.47 264.79
200.00 264.00 184.97 264.94
208.00 264.00 199.57 265.15
216.00 264.00 208.46 265.61
224.00 264.00 217.64 265.74
232.00 264.00 226.59 265.71
240.00 264.00 238.97 265.83
248.00 264.00 247.10 266.10
256.00 264.00 256.21 266.07
264.00 264.00 264.63 266.48
272.00 264.00 273.31 269.00
280.00 264.00 281.74 269.03
296.00 264.00 302.65 265.48
304.00 264.00 311.48 265.75
312.00 264.00 320.04 265.88
320.00 264.00 328.83 265.59
328.00 264.00 337.44 265.32
336.00 264.00 345.83 265.42
344.00 264.00 354.25 265.37
352.00 264.00 362.41 265.38
360.00 264.00 370.10 265.12
368.00 264.00 381.33 265.14
376.00 264.00 389.64 265.04
384.00 264.00 397.59 264.41
392.00 264.00 406.24 264.24
400.00 264.00 413.94 264.08
408.00 264.00 421.85 264.49
424.00 264.00 434.32 264.36
432.00 264.00 442.30 264.37
448.00 264.00 458.42 264.00
456.00 264.00 466.39 263.88
464.00 264.00 474.39 264.20
472.00 264.00 486.00 264.36
488.00 264.00 498.34 264.42
496.00 264.00 506.12 264.22
504.00 264.00 513.90 264.07
512.00 264.00 522.02 264.08
520.00 264.00 530.42 264.08
528.00 264.00 541.47 264.11
544.00 264.00 558.44 264.09
552.00 264.00 568.44 263.68
560.00 264.00 583.88 263.99
568.00 264.00 591.61 263.72
576.00 264.00 600.63 263.61
584.00 264.00 609.19 263.53
592.00 264.00 622.26 263.12
600.00 264.00 630.27 263.08
608.00 264.00 638.58 263.18
616.00 264.00 646.81 263.49
624.00 264.00 655.19 262.98
632.00 264.00 663.41 262.75
640.00 264.00 671.33 262.35
648.00 264.00 678.96 262.44
656.00 264.00 686.45 263.16
672.00 264.00 696.84 263.79
680.00 264.00 704.41 264.16
688.00 264.00 711.52 264.33
736.00 264.00 744.74 264.70
96.00 272.00 15.51 278.76
104.00 272.00 25.09 278.47
112.00 272.00 39.32 277.67
120.00 272.00 49.17 277.71
128.00 272.00 63.75 278.15
136.00 272.00 79.71 278.07
152.00 272.00 110.22 278.50
160.00 272.00 119.92 278.73
168.00 272.00 134.68 278.26
176.00 272.00 146.14 278.09
184.00 272.00 160.43 278.08
192.00 272.00 175.11 273.44
200.00 272.00 184.76 273.30
216.00 272.00 208.43 279.06
224.00 272.00 217.73 278.43
232.00 272.00 226.34 278.29
240.00 272.00 238.39 277.64
248.00 272.00 246.78 277.34
256.00 272.00 255.87 277.54
264.00 272.00 264.70 277.50
272.00 272.00 273.22 277.27
280.00 272.00 281.77 277.10
296.00 272.00 302.12 274.32
304.00 272.00 310.89 274.41
312.00 272.00 319.62 274.45
320.00 272.00 328.53 274.40
328.00 272.00 337.13 274.25
336.00 272.00 345.85 274.18
344.00 272.00 354.07 274.17
352.00 272.00 362.22 274.11
368.00 272.00 381.66 273.78
376.00 272.00 390.28 273.37
384.00 272.00 398.16 273.09
392.00 272.00 406.28 272.77
400.00 272.00 414.22 273.00
408.00 272.00 421.74 273.33
416.00 272.00 429.84 273.08
424.00 272.00 437.45 272.77
432.00 272.00 445.62 272.57
440.00 272.00 453.83 272.23
448.00 272.00 461.57 271.98
456.00 272.00 469.43 272.00
464.00 272.00 477.65 272.45
472.00 272.00 486.22 272.59
480.00 272.00 493.94 272.48
488.00 272.00 502.00 272.55
496.00 272.00 510.13 272.51
504.00 272.00 518.18 272.25
512.00 272.00 525.99 272.12
520.00 272.00 533.99 272.10
528.00 272.00 541.91 272.13
536.00 272.00 550.10 271.77
544.00 272.00 558.99 271.69
560.00 272.00 584.90 271.56
568.00 272.00 592.75 270.91
576.00 272.00 601.43 271.01
584.00 272.00 609.50 270.89
592.00 272.00 621.80 270.92
600.00 272.00 629.97 270.57
608.00 272.00 638.53 270.88
616.00 272.00 646.72 270.57
624.00 272.00 655.09 270.44
632.00 272.00 663.65 270.33
640.00 272.00 671.67 270.44
648.00 272.00 679.19 270.60
664.00 272.00 689.95 271.35
672.00 272.00 696.97 271.82
680.00 272.00 704.33 271.79
96.00 280.00 15.21 287.93
104.00 280.00 24.50 287.81
112.00 280.00 38.76 286.90
120.00 280.00 48.93 287.10
128.00 280.00 63.85 287.69
136.00 280.00 79.75 287.89
144.00 280.00 95.10 288.07
152.00 280.00 110.18 288.05
160.00 280.00 120.32 288.48
168.00 280.00 135.13 287.62
176.00 280.00 146.23 287.79
184.00 280.00 160.91 287.76
192.00 280.00 174.35 287.87
200.00 280.00 183.29 289.22
208.00 280.00 199.52 288.82
216.00 280.00 208.70 288.22
224.00 280.00 217.53 287.17
232.00 280.00 225.95 286.56
240.00 280.00 237.83 285.92
248.00 280.00 246.47 285.77
256.00 280.00 255.44 286.18
264.00 280.00 264.45 286.06
272.00 280.00 273.50 285.69
280.00 280.00 282.21 285.77
296.00 280.00 302.46 285.33
304.00 280.00 310.82 285.24
312.00 280.00 319.66 285.06
320.00 280.00 328.07 284.97
328.00 280.00 336.51 285.07
336.00 280.00 345.36 285.10
344.00 280.00 354.27 282.65
368.00 280.00 378.46 282.39
384.00 280.00 398.83 281.76
392.00 280.00 407.04 281.74
400.00 280.00 414.70 281.50
408.00 280.00 422.54 281.33
416.00 280.00 430.39 281.01
424.00 280.00 438.09 281.16
432.00 280.00 446.24 280.96
440.00 280.00 453.92 281.04
448.00 280.00 462.03 280.68
456.00 280.00 469.96 280.98
464.00 280.00 478.37 280.69
472.00 280.00 486.49 280.58
480.00 280.00 494.22 280.56
488.00 280.00 502.14 280.66
496.00 280.00 510.43 280.55
504.00 280.00 518.46 280.17
512.00 280.00 526.64 280.19
520.00 280.00 535.27 280.11
528.00 280.00 544.92 280.06
536.00 280.00 552.80 279.78
544.00 280.00 561.09 279.63
552.00 280.00 576.63 279.67
560.00 280.00 584.95 279.34
568.00 280.00 592.76 278.71
584.00 280.00 609.72 278.59
592.00 280.00 621.56 278.34
600.00 280.00 629.89 278.30
608.00 280.00 638.30 278.33
616.00 280.00 646.70 278.06
624.00 280.00 654.92 277.75
640.00 280.00 671.62 277.88
656.00 280.00 686.68 278.37
672.00 280.00 696.97 279.27
680.00 280.00 704.16 278.87
96.00 288.00 15.29 297.10
104.00 288.00 24.65 297.04
112.00 288.00 38.94 296.61
120.00 288.00 48.69 297.11
128.00 288.00 63.73 297.49
136.00 288.00 79.42 297.66
152.00 288.00 121.15 296.43
160.00 288.00 126.86 296.96
168.00 288.00 135.41 297.33
176.00 288.00 150.02 296.88
184.00 288.00 160.59 297.16
192.00 288.00 173.81 297.72
200.00 288.00 182.58 298.05
208.00 288.00 192.39 301.32
216.00 288.00 208.65 296.94
224.00 288.00 217.73 295.58
232.00 288.00 225.92 294.94
240.00 288.00 238.02 294.99
248.00 288.00 246.38 294.62
256.00 288.00 255.37 294.53
264.00 288.00 264.72 294.46
272.00 288.00 273.87 294.41
280.00 288.00 282.49 294.55
288.00 288.00 294.17 294.42
296.00 288.00 302.67 294.26
304.00 288.00 311.35 293.95
312.00 288.00 319.85 293.62
320.00 288.00 328.43 293.39
328.00 288.00 337.34 293.27
336.00 288.00 345.72 293.21
352.00 288.00 365.69 290.54
368.00 288.00 382.64 290.85
376.00 288.00 391.16 290.66
384.00 288.00 399.81 290.48
392.00 288.00 408.46 290.57
400.00 288.00 416.67 290.25
408.00 288.00 424.11 289.77
416.00 288.00 431.45 289.75
424.00 288.00 438.81 289.66
432.00 288.00 446.93 289.52
440.00 288.00 454.41 289.56
448.00 288.00 462.60 289.28
456.00 288.00 470.98 289.39
464.00 288.00 480.22 289.27
472.00 288.00 487.48 289.16
480.00 288.00 494.72 288.81
488.00 288.00 502.86 288.62
496.00 288.00 510.81 288.41
504.00 288.00 519.32 288.01
512.00 288.00 527.87 287.90
520.00 288.00 537.10 287.96
528.00 288.00 545.62 288.07
536.00 288.00 559.37 287.92
544.00 288.00 568.31 287.62
552.00 288.00 576.38 287.39
560.00 288.00 584.26 287.01
568.00 288.00 592.60 286.45
576.00 288.00 600.88 286.42
584.00 288.00 609.51 286.28
592.00 288.00 621.71 286.34
600.00 288.00 630.17 286.12
608.00 288.00 638.43 285.90
632.00 288.00 663.80 282.07
96.00 296.00 15.16 306.09
104.00 296.00 24.52 306.22
112.00 296.00 39.14 305.80
120.00 296.00 48.47 305.97
144.00 296.00 113.00 304.69
152.00 296.00 121.14 305.06
160.00 296.00 127.63 305.92
176.00 296.00 150.45 306.10
184.00 296.00 160.11 306.12
200.00 296.00 182.29 309.58
208.00 296.00 191.85 310.02
216.00 296.00 207.70 309.71
224.00 296.00 217.29 304.63
232.00 296.00 225.99 304.24
240.00 296.00 237.85 303.89
248.00 296.00 246.78 303.76
256.00 296.00 255.64 303.74
264.00 296.00 264.89 303.39
272.00 296.00 274.01 303.13
280.00 296.00 282.33 303.21
288.00 296.00 294.53 302.93
296.00 296.00 303.24 302.69
304.00 296.00 311.80 302.62
312.00 296.00 320.19 302.45
320.00 296.00 328.64 302.12
328.00 296.00 336.72 302.02
336.00 296.00 345.71 301.87
344.00 296.00 353.97 301.57
352.00 296.00 362.09 301.51
368.00 296.00 382.35 298.77
376.00 296.00 391.46 298.59
384.00 296.00 400.56 299.00
392.00 296.00 409.36 299.16
400.00 296.00 417.63 298.99
408.00 296.00 425.30 298.63
416.00 296.00 433.22 298.47
424.00 296.00 440.45 298.03
432.00 296.00 448.32 297.87
440.00 296.00 455.85 297.74
448.00 296.00 464.15 297.78
456.00 296.00 472.82 297.84
464.00 296.00 482.00 297.80
472.00 296.00 489.90 297.82
480.00 296.00 497.68 297.68
488.00 296.00 504.09 296.27
496.00 296.00 511.66 296.21
504.00 296.00 519.93 296.06
512.00 296.00 529.32 295.99
520.00 296.00 537.86 296.62
528.00 296.00 551.30 296.33
536.00 296.00 560.47 295.37
544.00 296.00 568.87 295.26
552.00 296.00 577.32 295.16
560.00 296.00 585.27 294.74
568.00 296.00 592.95 294.20
592.00 296.00 622.27 294.20
624.00 296.00 655.13 289.62
632.00 296.00 663.67 289.27
640.00 296.00 671.74 288.99
648.00 296.00 679.33 289.32
672.00 296.00 696.88 288.67
96.00 304.00 15.48 314.56
104.00 304.00 24.20 314.49
112.00 304.00 39.20 314.15
120.00 304.00 48.60 317.64
128.00 304.00 63.06 318.32
144.00 304.00 112.48 313.64
152.00 304.00 121.29 313.89
168.00 304.00 137.45 317.45
176.00 304.00 150.98 317.10
184.00 304.00 160.28 317.59
192.00 304.00 169.31 318.19
208.00 304.00 191.32 319.13
224.00 304.00 217.15 313.37
232.00 304.00 226.06 312.95
240.00 304.00 238.07 312.59
248.00 304.00 246.89 312.18
256.00 304.00 255.92 312.60
264.00 304.00 264.89 312.62
272.00 304.00 273.97 312.39
280.00 304.00 282.16 312.06
288.00 304.00 294.37 311.75
296.00 304.00 303.18 311.62
304.00 304.00 311.34 311.75
312.00 304.00 320.13 311.42
320.00 304.00 328.42 311.07
328.00 304.00 336.99 310.61
336.00 304.00 345.93 310.35
344.00 304.00 354.28 309.96
352.00 304.00 362.53 309.88
360.00 304.00 374.07 309.36
368.00 304.00 382.66 309.40
376.00 304.00 391.53 309.40
384.00 304.00 400.50 307.08
392.00 304.00 409.49 309.28
400.00 304.00 417.94 306.95
408.00 304.00 425.87 306.99
416.00 304.00 433.88 306.57
424.00 304.00 441.39 306.39
432.00 304.00 449.22 305.86
440.00 304.00 457.43 305.65
448.00 304.00 465.85 305.71
456.00 304.00 474.24 305.46
464.00 304.00 486.23 305.49
472.00 304.00 493.87 305.52
480.00 304.00 501.76 305.89
496.00 304.00 513.42 304.57
504.00 304.00 521.61 304.12
512.00 304.00 534.39 304.34
520.00 304.00 543.28 304.42
528.00 304.00 552.63 303.52
536.00 304.00 561.28 303.21
544.00 304.00 569.82 302.90
552.00 304.00 577.84 302.56
616.00 304.00 646.79 297.36
624.00 304.00 655.16 296.83
632.00 304.00 663.43 296.56
640.00 304.00 672.34 296.41
648.00 304.00 679.69 296.42
736.00 304.00 745.23 287.98
792.00 304.00 784.36 288.07
96.00 312.00 15.43 325.62
104.00 312.00 24.26 325.59
112.00 312.00 38.92 325.84
120.00 312.00 47.96 326.50
128.00 312.00 63.43 327.38
144.00 312.00 111.83 322.28
160.00 312.00 128.20 325.85
168.00 312.00 137.64 326.17
176.00 312.00 150.63 325.77
184.00 312.00 160.30 326.35
192.00 312.00 169.09 327.30
200.00 312.00 177.79 328.19
208.00 312.00 191.68 327.93
216.00 312.00 200.97 326.78
224.00 312.00 217.22 321.96
232.00 312.00 225.99 321.38
240.00 312.00 238.30 321.20
248.00 312.00 247.43 321.40
256.00 312.00 255.98 321.61
264.00 312.00 264.41 321.38
272.00 312.00 273.42 321.15
280.00 312.00 281.83 321.14
288.00 312.00 294.60 320.64
296.00 312.00 303.16 320.42
304.00 312.00 311.18 320.43
312.00 312.00 319.92 320.21
320.00 312.00 328.67 319.83
328.00 312.00 337.07 319.32
336.00 312.00 345.96 318.83
344.00 312.00 357.64 318.49
352.00 312.00 365.75 318.15
360.00 312.00 374.11 317.80
368.00 312.00 382.78 318.04
376.00 312.00 391.50 318.03
384.00 312.00 401.21 318.07
392.00 312.00 410.02 318.37
408.00 312.00 426.19 317.71
416.00 312.00 433.82 317.46
424.00 312.00 441.81 314.29
440.00 312.00 461.69 312.97
448.00 312.00 469.72 313.04
456.00 312.00 477.85 313.63
464.00 312.00 486.18 313.65
472.00 312.00 493.98 313.53
480.00 312.00 502.12 313.57
488.00 312.00 510.10 313.40
496.00 312.00 518.15 312.88
504.00 312.00 526.57 312.42
512.00 312.00 536.08 311.37
520.00 312.00 545.53 311.02
528.00 312.00 558.97 310.81
536.00 312.00 566.89 310.03
544.00 312.00 575.32 309.73
552.00 312.00 583.49 309.23
608.00 312.00 638.66 305.41
616.00 312.00 646.75 304.85
624.00 312.00 655.05 304.38
632.00 312.00 663.50 303.99
640.00 312.00 672.02 304.23
648.00 312.00 680.02 303.95
656.00 312.00 686.82 304.34
720.00 312.00 735.68 295.66
736.00 312.00 744.92 294.97
744.00 312.00 752.86 294.60
752.00 312.00 760.25 294.66
792.00 312.00 784.36 295.70
800.00 312.00 792.00 295.98
96.00 320.00 15.32 334.28
104.00 320.00 24.55 334.26
112.00 320.00 39.07 334.74
120.00 320.00 48.54 335.69
160.00 320.00 128.37 335.26
168.00 320.00 137.66 335.93
176.00 320.00 150.85 334.29
184.00 320.00 160.20 335.66
192.00 320.00 169.23 336.54
200.00 320.00 182.58 337.57
208.00 320.00 191.77 337.38
216.00 320.00 201.15 335.67
224.00 320.00 216.07 333.82
232.00 320.00 225.55 330.15
240.00 320.00 234.50 330.14
248.00 320.00 247.48 329.97
256.00 320.00 256.09 330.00
264.00 320.00 264.81 330.10
272.00 320.00 273.08 330.15
280.00 320.00 281.35 330.09
288.00 320.00 295.03 329.71
296.00 320.00 303.35 329.47
304.00 320.00 311.45 329.34
312.00 320.00 320.28 328.94
320.00 320.00 328.97 328.75
328.00 320.00 337.06 328.21
336.00 320.00 346.28 327.82
344.00 320.00 358.27 327.48
352.00 320.00 366.21 327.21
360.00 320.00 374.71 326.94
368.00 320.00 383.38 327.02
376.00 320.00 392.30 326.92
384.00 320.00 407.56 327.82
392.00 320.00 416.50 328.16
400.00 320.00 424.59 328.00
408.00 320.00 432.26 326.93
424.00 320.00 446.44 321.54
432.00 320.00 454.12 321.96
440.00 320.00 462.20 321.84
448.00 320.00 470.39 321.72
456.00 320.00 478.68 321.71
464.00 320.00 486.80 321.47
472.00 320.00 494.58 321.81
480.00 320.00 502.63 321.54
488.00 320.00 510.59 321.11
496.00 320.00 518.91 320.74
504.00 320.00 527.82 319.89
512.00 320.00 537.38 318.70
520.00 320.00 551.49 318.26
528.00 320.00 559.66 317.83
536.00 320.00 568.04 317.60
544.00 320.00 576.25 317.50
592.00 320.00 617.18 313.19
600.00 320.00 630.17 313.66
608.00 320.00 638.73 312.79
616.00 320.00 646.92 312.10
624.00 320.00 655.64 311.70
632.00 320.00 663.97 311.45
640.00 320.00 671.69 311.29
648.00 320.00 679.66 311.02
656.00 320.00 687.12 311.19
712.00 320.00 727.99 304.33
728.00 320.00 736.68 302.84
736.00 320.00 744.94 302.25
744.00 320.00 752.73 302.30
800.00 320.00 791.66 302.99
96.00 328.00 15.78 342.82
104.00 328.00 24.98 342.96
112.00 328.00 39.15 343.56
160.00 328.00 128.74 343.69
168.00 328.00 137.47 344.68
176.00 328.00 151.60 343.74
184.00 328.00 159.92 344.86
192.00 328.00 168.27 345.92
200.00 328.00 177.48 346.33
208.00 328.00 191.97 346.21
216.00 328.00 200.79 345.96
224.00 328.00 215.79 343.16
232.00 328.00 225.51 340.96
248.00 328.00 246.59 341.36
256.00 328.00 255.81 341.49
264.00 328.00 265.33 341.60
272.00 328.00 273.84 341.29
288.00 328.00 295.43 338.55
296.00 328.00 303.79 338.52
304.00 328.00 312.05 338.08
312.00 328.00 321.31 337.85
320.00 328.00 329.57 338.17
328.00 328.00 337.80 337.74
336.00 328.00 351.23 337.63
344.00 328.00 359.64 336.99
352.00 328.00 367.80 336.94
360.00 328.00 376.53 336.97
368.00 328.00 385.56 336.33
376.00 328.00 400.34 337.08
384.00 328.00 409.39 337.08
392.00 328.00 417.66 337.05
400.00 328.00 430.75 336.57
408.00 328.00 439.39 336.60
416.00 328.00 448.18 337.05
424.00 328.00 447.24 329.91
432.00 328.00 455.67 334.11
440.00 328.00 462.90 330.50
456.00 328.00 479.78 330.15
464.00 328.00 488.35 329.99
472.00 328.00 495.95 329.72
480.00 328.00 504.00 329.47
488.00 328.00 512.69 329.09
496.00 328.00 520.90 328.43
504.00 328.00 529.55 327.67
512.00 328.00 542.41 326.90
520.00 328.00 551.04 326.39
528.00 328.00 559.16 325.68
536.00 328.00 567.28 325.69
568.00 328.00 592.17 322.34
592.00 328.00 617.27 321.09
600.00 328.00 630.19 321.30
608.00 328.00 639.06 320.43
616.00 328.00 647.39 319.54
624.00 328.00 655.60 319.07
632.00 328.00 663.52 318.70
640.00 328.00 671.68 318.34
672.00 328.00 697.16 312.26
680.00 328.00 704.24 312.33
688.00 328.00 711.96 312.34
712.00 328.00 728.50 311.84
728.00 328.00 737.27 310.46
768.00 328.00 768.16 306.44
800.00 328.00 791.10 310.34
96.00 336.00 15.84 351.66
104.00 336.00 30.37 351.79
112.00 336.00 39.10 352.35
184.00 336.00 152.99 358.63
200.00 336.00 176.78 358.87
208.00 336.00 185.65 359.89
216.00 336.00 199.58 359.47
224.00 336.00 216.14 351.93
232.00 336.00 225.47 349.41
248.00 336.00 247.23 349.96
256.00 336.00 256.13 350.28
264.00 336.00 264.67 350.24
272.00 336.00 273.61 349.83
280.00 336.00 282.50 349.59
288.00 336.00 295.11 346.91
296.00 336.00 304.43 349.60
304.00 336.00 312.00 346.48
312.00 336.00 320.85 346.38
320.00 336.00 329.50 346.64
336.00 336.00 351.96 346.43
344.00 336.00 360.15 346.51
352.00 336.00 368.80 346.40
360.00 336.00 377.57 346.18
368.00 336.00 390.95 346.08
376.00 336.00 401.21 346.21
384.00 336.00 409.86 346.09
392.00 336.00 417.60 345.64
400.00 336.00 431.42 345.73
408.00 336.00 439.83 345.54
416.00 336.00 448.42 345.67
424.00 336.00 455.75 344.47
456.00 336.00 496.13 338.48
464.00 336.00 504.27 338.48
480.00 336.00 511.37 337.06
488.00 336.00 518.47 336.76
496.00 336.00 526.03 335.99
504.00 336.00 534.10 335.36
512.00 336.00 542.25 334.94
520.00 336.00 550.64 334.72
528.00 336.00 558.91 334.32
536.00 336.00 566.85 334.04
544.00 336.00 575.13 333.74
568.00 336.00 592.54 330.08
576.00 336.00 600.54 329.95
584.00 336.00 608.88 329.12
592.00 336.00 617.36 328.76
600.00 336.00 630.38 328.76
608.00 336.00 638.77 328.05
616.00 336.00 647.38 327.56
624.00 336.00 655.57 327.01
632.00 336.00 663.55 326.52
672.00 336.00 697.20 319.96
680.00 336.00 704.46 319.98
688.00 336.00 712.16 319.80
704.00 336.00 721.78 320.00
712.00 336.00 728.65 319.48
744.00 336.00 752.14 314.38
752.00 336.00 759.08 313.80
768.00 336.00 768.39 314.00
776.00 336.00 775.66 313.88
96.00 344.00 15.60 359.37
104.00 344.00 30.62 359.82
112.00 344.00 38.83 360.69
192.00 344.00 160.80 375.27
200.00 344.00 176.57 368.92
208.00 344.00 185.64 369.68
216.00 344.00 199.13 369.16
232.00 344.00 225.45 360.14
240.00 344.00 234.08 359.72
248.00 344.00 247.22 359.72
256.00 344.00 255.77 359.75
264.00 344.00 264.63 359.87
272.00 344.00 273.67 359.06
280.00 344.00 282.19 358.93
288.00 344.00 295.59 359.61
296.00 344.00 304.27 359.02
304.00 344.00 312.95 357.92
312.00 344.00 327.32 357.93
320.00 344.00 336.23 358.05
328.00 344.00 344.48 358.07
336.00 344.00 353.25 357.66
352.00 344.00 374.35 357.43
360.00 344.00 383.49 357.60
368.00 344.00 392.42 357.61
376.00 344.00 401.14 354.41
384.00 344.00 409.48 354.39
392.00 344.00 422.70 354.38
400.00 344.00 431.65 354.25
408.00 344.00 440.75 354.02
416.00 344.00 448.75 353.46
424.00 344.00 464.12 352.23
432.00 344.00 473.12 350.25
440.00 344.00 480.99 349.61
448.00 344.00 488.77 349.43
480.00 344.00 520.79 346.33
496.00 344.00 526.90 344.47
504.00 344.00 534.92 343.25
512.00 344.00 543.21 342.84
520.00 344.00 551.69 342.55
528.00 344.00 559.49 342.18
536.00 344.00 567.87 341.83
544.00 344.00 575.82 341.43
576.00 344.00 602.03 337.16
584.00 344.00 609.61 336.82
592.00 344.00 622.30 336.73
600.00 344.00 630.60 336.16
608.00 344.00 638.70 335.38
616.00 344.00 647.11 335.14
624.00 344.00 655.53 334.80
656.00 344.00 681.28 328.37
664.00 344.00 689.63 327.69
672.00 344.00 697.24 327.79
680.00 344.00 704.60 327.70
688.00 344.00 711.93 327.56
744.00 344.00 752.59 322.04
760.00 344.00 760.50 321.65
768.00 344.00 768.26 321.60
792.00 344.00 784.71 321.33
800.00 344.00 791.72 320.82
968.00 344.00 897.63 328.25
976.00 344.00 905.51 328.39
984.00 344.00 913.58 328.39
992.00 344.00 920.83 328.71
144.00 352.00 95.55 374.79
176.00 352.00 136.22 384.79
208.00 352.00 184.08 382.79
216.00 352.00 199.56 377.59
224.00 352.00 209.25 377.08
232.00 352.00 225.22 370.01
240.00 352.00 233.15 370.14
248.00 352.00 242.14 370.02
256.00 352.00 255.42 370.07
264.00 352.00 263.97 370.14
272.00 352.00 273.28 369.73
280.00 352.00 282.40 369.83
288.00 352.00 296.71 370.16
296.00 352.00 305.12 369.67
304.00 352.00 319.25 367.66
312.00 352.00 328.25 367.14
320.00 352.00 336.91 367.02
328.00 352.00 350.11 367.82
336.00 352.00 358.86 367.28
344.00 352.00 367.37 366.91
352.00 352.00 376.03 366.62
360.00 352.00 385.14 366.67
368.00 352.00 393.80 366.64
376.00 352.00 406.39 365.70
392.00 352.00 422.82 362.68
400.00 352.00 432.48 362.56
408.00 352.00 441.10 361.52
416.00 352.00 449.26 360.88
424.00 352.00 463.86 360.38
432.00 352.00 473.45 358.34
440.00 352.00 480.94 357.86
448.00 352.00 488.90 357.74
456.00 352.00 497.26 357.66
464.00 352.00 505.08 357.72
488.00 352.00 527.24 352.74
504.00 352.00 536.34 351.11
512.00 352.00 545.27 350.61
520.00 352.00 553.16 350.36
528.00 352.00 561.26 349.67
552.00 352.00 584.29 346.57
560.00 352.00 591.95 345.85
568.00 352.00 599.61 345.71
576.00 352.00 606.72 345.32
584.00 352.00 615.12 344.66
592.00 352.00 622.98 344.26
600.00 352.00 630.76 343.85
608.00 352.00 639.22 343.09
616.00 352.00 647.63 342.68
648.00 352.00 673.35 336.54
656.00 352.00 681.34 336.12
664.00 352.00 689.62 335.42
672.00 352.00 697.15 335.48
680.00 352.00 704.53 335.28
736.00 352.00 745.04 329.44
744.00 352.00 752.27 329.70
768.00 352.00 768.32 329.34
792.00 352.00 784.62 329.24
824.00 352.00 808.36 328.69
960.00 352.00 894.87 336.16
984.00 352.00 913.33 336.26
992.00 352.00 920.22 336.74
1000.00 352.00 928.11 336.71
192.00 360.00 152.16 398.38
224.00 360.00 209.55 385.55
232.00 360.00 223.90 384.24
240.00 360.00 233.22 383.77
248.00 360.00 241.96 383.63
256.00 360.00 250.39 383.18
264.00 360.00 263.59 382.32
272.00 360.00 272.53 382.40
280.00 360.00 281.58 378.95
288.00 360.00 295.40 382.09
296.00 360.00 304.82 382.11
304.00 360.00 319.69 377.81
312.00 360.00 328.88 376.29
320.00 360.00 336.95 376.70
328.00 360.00 351.03 377.63
336.00 360.00 359.58 377.21
344.00 360.00 368.57 376.34
352.00 360.00 377.10 376.02
360.00 360.00 385.60 375.06
368.00 360.00 398.28 374.94
376.00 360.00 406.93 374.40
384.00 360.00 415.06 373.63
392.00 360.00 423.40 373.32
408.00 360.00 446.90 370.61
416.00 360.00 455.37 369.96
424.00 360.00 464.48 368.85
432.00 360.00 473.65 367.11
440.00 360.00 481.03 366.23
448.00 360.00 489.29 366.29
456.00 360.00 497.43 366.46
472.00 360.00 513.46 366.26
488.00 360.00 528.11 360.64
496.00 360.00 535.54 358.92
504.00 360.00 543.28 358.66
512.00 360.00 551.02 358.31
520.00 360.00 558.24 357.90
552.00 360.00 585.88 354.30
560.00 360.00 593.48 353.44
568.00 360.00 601.27 352.49
576.00 360.00 609.00 351.90
584.00 360.00 616.47 351.76
592.00 360.00 624.13 351.71
600.00 360.00 631.77 351.17
608.00 360.00 639.52 350.56
616.00 360.00 647.77 350.28
632.00 360.00 657.27 344.35
640.00 360.00 671.18 344.67
656.00 360.00 681.72 343.29
664.00 360.00 689.65 342.89
672.00 360.00 697.17 343.06
680.00 360.00 704.53 343.13
704.00 360.00 721.72 337.15
712.00 360.00 728.27 336.76
736.00 360.00 744.82 336.70
752.00 360.00 753.24 336.44
760.00 360.00 760.88 336.93
768.00 360.00 768.47 336.78
776.00 360.00 776.03 337.14
816.00 360.00 800.82 336.36
824.00 360.00 808.37 336.41
848.00 360.00 825.19 336.80
856.00 360.00 831.80 337.33
960.00 360.00 895.53 343.36
976.00 360.00 910.06 343.78
992.00 360.00 920.36 344.29
1000.00 360.00 927.75 344.53
224.00 368.00 209.48 393.88
232.00 368.00 223.04 393.57
240.00 368.00 232.79 393.48
248.00 368.00 241.50 393.28
256.00 368.00 249.43 392.74
264.00 368.00 264.02 392.19
272.00 368.00 272.48 392.02
280.00 368.00 281.07 392.60
288.00 368.00 295.76 391.99
296.00 368.00 304.45 392.73
304.00 368.00 320.02 391.72
312.00 368.00 329.35 391.06
320.00 368.00 343.94 391.90
328.00 368.00 352.70 390.33
336.00 368.00 361.40 389.76
344.00 368.00 368.76 384.68
352.00 368.00 376.58 384.20
360.00 368.00 384.72 383.77
368.00 368.00 400.21 384.91
376.00 368.00 408.15 383.93
384.00 368.00 416.20 382.49
400.00 368.00 439.95 381.55
408.00 368.00 448.88 378.76
416.00 368.00 457.56 378.33
424.00 368.00 466.03 377.19
432.00 368.00 478.40 376.28
448.00 368.00 489.33 374.88
456.00 368.00 503.93 374.05
480.00 368.00 526.38 369.66
496.00 368.00 537.21 367.58
504.00 368.00 544.58 366.19
512.00 368.00 552.46 365.85
520.00 368.00 559.95 365.72
528.00 368.00 567.61 365.51
544.00 368.00 582.99 362.13
552.00 368.00 591.36 361.90
560.00 368.00 598.86 361.44
568.00 368.00 607.00 361.14
576.00 368.00 614.84 359.87
592.00 368.00 625.09 358.63
600.00 368.00 632.91 358.47
648.00 368.00 673.53 351.31
656.00 368.00 681.59 351.14
664.00 368.00 689.63 350.91
672.00 368.00 697.05 350.69
704.00 368.00 721.65 344.86
712.00 368.00 728.56 344.50
720.00 368.00 735.70 344.66
760.00 368.00 760.98 344.80
768.00 368.00 768.29 344.60
816.00 368.00 800.61 343.93
824.00 368.00 808.11 343.67
856.00 368.00 831.55 345.48
968.00 368.00 903.85 351.42
976.00 368.00 910.92 352.08
992.00 368.00 920.98 351.57
232.00 376.00 222.37 402.33
240.00 376.00 231.80 402.10
248.00 376.00 240.99 402.79
256.00 376.00 249.50 407.19
264.00 376.00 264.74 407.02
272.00 376.00 274.59 406.90
280.00 376.00 287.11 406.50
288.00 376.00 296.56 405.40
296.00 376.00 304.92 401.68
312.00 376.00 336.49 401.83
320.00 376.00 345.33 401.20
328.00 376.00 353.59 400.17
336.00 376.00 366.73 400.50
344.00 376.00 376.40 399.77
368.00 376.00 401.10 393.66
376.00 376.00 415.78 393.62
384.00 376.00 424.82 392.78
392.00 376.00 432.30 391.21
416.00 376.00 462.08 386.03
424.00 376.00 470.95 385.64
432.00 376.00 479.44 384.45
440.00 376.00 487.37 383.68
448.00 376.00 495.63 382.80
456.00 376.00 504.51 381.84
464.00 376.00 512.68 381.07
472.00 376.00 519.90 378.18
480.00 376.00 527.29 377.56
488.00 376.00 535.22 376.53
496.00 376.00 543.36 375.53
504.00 376.00 551.65 375.19
536.00 376.00 575.80 370.30
544.00 376.00 583.91 370.08
552.00 376.00 591.93 369.78
560.00 376.00 600.35 369.43
568.00 376.00 609.07 367.92
576.00 376.00 616.65 366.95
584.00 376.00 624.24 366.90
592.00 376.00 631.96 366.21
624.00 376.00 656.32 361.61
632.00 376.00 664.11 360.99
640.00 376.00 671.74 359.95
680.00 376.00 704.57 353.75
688.00 376.00 711.63 353.28
704.00 376.00 721.47 351.98
712.00 376.00 728.20 351.81
720.00 376.00 735.84 351.77
760.00 376.00 761.04 352.01
816.00 376.00 800.48 351.16
824.00 376.00 807.84 351.55
848.00 376.00 824.39 352.81
856.00 376.00 831.70 353.18
896.00 376.00 865.17 359.33
904.00 376.00 872.60 360.08
32.00 384.00 31.33 384.36
64.00 384.00 119.65 367.69
224.00 384.00 208.55 414.18
232.00 384.00 222.33 414.32
240.00 384.00 231.91 415.42
248.00 384.00 241.27 416.11
256.00 384.00 255.53 416.77
264.00 384.00 265.30 416.92
272.00 384.00 278.41 416.42
280.00 384.00 287.62 416.12
288.00 384.00 296.90 415.74
296.00 384.00 310.79 414.09
320.00 384.00 350.76 410.53
328.00 384.00 359.50 410.18
336.00 384.00 368.73 409.76
344.00 384.00 382.87 409.51
376.00 384.00 416.90 402.35
384.00 384.00 431.92 400.40
392.00 384.00 440.04 399.38
400.00 384.00 447.76 399.03
416.00 384.00 463.73 394.08
424.00 384.00 472.22 393.79
432.00 384.00 480.48 393.02
440.00 384.00 488.43 391.85
448.00 384.00 496.66 391.37
456.00 384.00 505.04 390.19
480.00 384.00 528.67 386.29
488.00 384.00 536.99 385.80
496.00 384.00 545.50 384.31
504.00 384.00 553.47 383.46
560.00 384.00 601.24 376.75
568.00 384.00 609.32 376.22
576.00 384.00 617.12 375.25
584.00 384.00 624.63 375.07
592.00 384.00 632.38 374.87
608.00 384.00 647.91 369.83
632.00 384.00 664.35 368.78
640.00 384.00 672.15 367.42
664.00 384.00 689.17 361.94
672.00 384.00 697.10 361.72
680.00 384.00 704.89 361.26
688.00 384.00 711.87 360.90
704.00 384.00 721.15 359.66
712.00 384.00 727.94 359.49
720.00 384.00 735.68 359.45
760.00 384.00 760.52 359.79
824.00 384.00 807.80 359.18
840.00 384.00 817.32 360.30
848.00 384.00 824.81 360.83
856.00 384.00 831.42 361.03
896.00 384.00 864.65 367.14
904.00 384.00 872.57 367.73
64.00 392.00 119.06 374.98
72.00 392.00 127.57 375.34
232.00 392.00 222.76 423.75
240.00 392.00 231.35 425.10
248.00 392.00 241.16 425.94
256.00 392.00 256.23 426.17
264.00 392.00 265.38 426.38
272.00 392.00 279.05 425.82
280.00 392.00 288.22 426.06
288.00 392.00 297.06 426.24
296.00 392.00 311.22 425.39
344.00 392.00 384.38 418.67
360.00 392.00 407.78 414.77
368.00 392.00 416.47 414.44
384.00 392.00 431.92 409.17
392.00 392.00 441.05 408.25
400.00 392.00 455.28 407.65
424.00 392.00 472.72 401.57
432.00 392.00 480.29 400.12
440.00 392.00 496.27 400.19
448.00 392.00 504.62 399.25
576.00 392.00 616.89 383.24
608.00 392.00 648.62 377.75
640.00 392.00 672.19 374.82
664.00 392.00 688.70 369.42
672.00 392.00 696.77 369.05
680.00 392.00 704.65 368.66
696.00 392.00 712.54 367.50
704.00 392.00 720.74 367.35
712.00 392.00 728.19 366.97
824.00 392.00 808.36 366.69
840.00 392.00 817.22 367.91
848.00 392.00 824.53 367.87
856.00 392.00 831.57 368.47
872.00 392.00 841.51 369.95
880.00 392.00 848.97 369.99
896.00 392.00 864.23 375.27
904.00 392.00 872.00 376.31
232.00 400.00 223.57 433.42
240.00 400.00 231.08 433.79
256.00 400.00 256.14 434.65
264.00 400.00 264.66 437.93
392.00 400.00 448.21 417.10
400.00 400.00 457.13 416.07
432.00 400.00 488.10 409.42
672.00 400.00 696.90 376.84
680.00 400.00 704.88 376.58
688.00 400.00 712.29 375.94
712.00 400.00 728.50 374.75
720.00 400.00 735.80 374.66
840.00 400.00 816.81 375.73
848.00 400.00 824.63 375.79
872.00 400.00 840.79 377.11
880.00 400.00 847.88 377.08
888.00 400.00 855.21 377.94
896.00 400.00 863.86 382.71
904.00 400.00 871.52 383.87
224.00 408.00 191.31 448.93
232.00 408.00 198.69 449.46
256.00 408.00 255.89 447.72
272.00 408.00 272.86 447.88
392.00 408.00 456.04 425.41
400.00 408.00 463.94 425.20
712.00 408.00 728.40 382.63
720.00 408.00 736.15 382.38
744.00 408.00 752.58 378.35
752.00 408.00 759.95 378.18
832.00 408.00 808.03 383.44
840.00 408.00 816.17 383.75
856.00 408.00 824.52 384.53
864.00 408.00 832.46 385.27
872.00 408.00 840.08 384.67
880.00 408.00 847.68 384.77
888.00 408.00 854.66 385.69
904.00 408.00 871.21 391.30
152.00 416.00 151.25 422.52
264.00 416.00 264.82 457.60
312.00 416.00 319.70 423.99
336.00 416.00 359.19 424.64
344.00 416.00 367.61 424.69
352.00 416.00 376.25 424.41
768.00 416.00 768.31 385.59
848.00 416.00 815.57 393.11
856.00 416.00 823.75 393.05
864.00 416.00 832.41 392.62
872.00 416.00 839.82 392.98
896.00 416.00 863.76 400.79
144.00 424.00 137.30 431.74
152.00 424.00 151.50 430.92
288.00 424.00 288.72 433.05
296.00 424.00 303.61 432.90
304.00 424.00 311.94 433.08
328.00 424.00 345.41 431.96
344.00 424.00 367.78 433.05
352.00 424.00 376.54 433.54
360.00 424.00 385.09 433.97
368.00 424.00 392.94 433.85
296.00 432.00 303.49 441.19
336.00 432.00 360.23 441.38
344.00 432.00 367.69 441.40
352.00 432.00 376.03 441.24
360.00 432.00 384.25 441.78
336.00 440.00 359.78 449.90
344.00 440.00 367.73 449.67
664.00 440.00 663.95 424.09
672.00 440.00 672.02 423.74
352.00 448.00 377.20 462.87
368.00 448.00 399.42 463.02
664.00 448.00 663.96 432.22
360.00 456.00 390.91 471.58
368.00 456.00 399.53 472.04
40.00 464.00 48.06 471.50
48.00 464.00 56.06 471.44
376.00 464.00 400.45 481.40
48.00 472.00 56.21 479.91
96.00 472.00 127.39 471.67
112.00 472.00 136.19 471.04
192.00 472.00 199.30 472.15
312.00 480.00 303.55 487.61
