482.221 198.844 976.931 221.899 100 0 0 0 0 0 0
587.887 202.687 16.3302 219.977 100 0 0 0 0 0 0
482.221 281.456 976.931 268.968 100 0 0 0 0 0 0
587.887 279.535 16.3302 268.968 100 0 0 0 0 0 0
402.492 193.081 929.861 215.174 100 0 0 0 0 0 0
404.413 322.762 930.822 295.865 100 0 0 0 0 0 0
620.548 191.159 41.3058 207.49 100 0 0 0 0 0 0
621.508 325.644 42.2664 302.589 100 0 0 0 0 0 0
908.728 187.317 316.038 121.036 100 0 0 0 0 0 0
909.689 329.486 317.959 399.61 100 0 0 0 0 0 0
117.193 189.238 741.583 186.356 100 0 0 0 0 0 0
