403.452 193.081 489.906 204.608 100 0 0 0 0 0 0
620.548 192.12 627.272 215.174 100 0 0 0 0 0 0
907.767 189.238 807.865 194.041 100 0 0 0 0 0 0
116.233 189.238 131.602 102.784 100 0 0 0 0 0 0
403.452 324.683 487.985 305.471 100 0 0 0 0 0 0
617.666 324.683 627.272 296.826 100 0 0 0 0 0 0
908.728 326.604 806.904 321.801 100 0 0 0 0 0 0
55.7148 268.968 924.098 294.904 100 0 0 0 0 0 0
482.221 198.844 549.463 219.017 100 0 0 0 0 0 0
587.887 202.687 607.099 223.82 100 0 0 0 0 0 0
481.261 282.417 549.463 269.929 100 0 0 0 0 0 0
586.927 279.535 606.139 268.008 100 0 0 0 0 0 0
