322.762 192.12 928.901 212.293 100 0 0 0 0 0 0
515.842 207.49 73.0056 204.608 100 0 0 0 0 0 0
324.683 347.737 929.861 323.722 100 0 0 0 0 0 0
515.842 326.604 71.0844 333.328 100 0 0 0 0 0 0
377.516 213.253 963.482 224.78 100 0 0 0 0 0 0
487.024 219.977 33.621 221.899 100 0 0 0 0 0 0
376.555 321.801 962.522 306.432 100 0 0 0 0 0 0
487.985 309.313 34.5816 310.274 100 0 0 0 0 0 0
619.587 333.328 161.381 375.595 100 0 0 0 0 0 0
706.041 195.002 350.619 144.09 100 0 0 0 0 0 0
177.711 305.471 840.525 276.653 100 0 0 0 0 0 0
133.523 123.917 822.274 188.278 100 0 0 0 0 0 0
134.484 423.625 821.313 352.54 100 0 0 0 0 0 0
