811.836 188.092 283.307 216.16 10 -0.9766 -3.4766 1.5885 1.0547 6.1719 1.5446
210.683 187.462 636.303 123.404 10 -0.9766 3.4375 1.5885 1.0547 -1.0156 1.5446
419.075 215.888 991.1 208.68 10 5.3906 3.4375 1.5885 -5.1172 -1.0156 1.5446
604.761 216.013 143.042 224.542 10 5.3906 -3.4766 1.5885 -5.1172 6.1719 1.5446
811.836 323.341 283.307 296.194 10 -0.9766 -3.4766 -1.6 1.0547 6.1719 -1.6
210.683 323.974 636.303 390.454 10 -0.9766 3.4375 -1.6 1.0547 -1.0156 -1.6
419.075 295.387 991.1 303.904 10 5.3906 3.4375 -1.6 -5.1172 -1.0156 -1.6
604.761 295.261 143.042 287.54 10 5.3906 -3.4766 -1.6 -5.1172 6.1719 -1.6
474.537 231.505 38.424 230.544 100 0 0 0 0 0 0
514.882 231.505 74.9268 233.426 100 0 0 0 0 0 0
474.537 272.811 37.4634 272.811 100 0 0 0 0 0 0
514.882 271.85 73.9662 269.929 100 0 0 0 0 0 0
