160.00 176.00 191.81 103.80
168.00 176.00 200.12 104.54
176.00 176.00 208.09 104.65
544.00 176.00 488.52 215.79
552.00 176.00 495.52 215.77
152.00 184.00 184.03 112.13
176.00 184.00 208.17 112.93
552.00 184.00 495.61 223.38
152.00 192.00 184.01 120.47
552.00 192.00 496.02 231.22
424.00 200.00 440.16 225.16
480.00 200.00 463.27 193.51
416.00 208.00 432.33 232.83
424.00 208.00 439.80 233.25
432.00 208.00 447.26 232.22
440.00 208.00 455.29 231.41
512.00 264.00 471.97 248.19
520.00 264.00 479.30 248.33
416.00 272.00 432.27 254.64
424.00 272.00 439.99 254.06
432.00 272.00 447.85 255.00
512.00 272.00 471.77 254.95
520.00 272.00 479.23 255.65
416.00 280.00 432.83 263.29
424.00 280.00 439.81 262.98
432.00 280.00 447.94 263.24
440.00 280.00 455.85 263.29
448.00 280.00 464.72 263.04
984.00 280.00 998.92 304.22
520.00 288.00 479.20 266.04
536.00 288.00 488.67 266.06
544.00 288.00 494.93 265.53
504.00 296.00 495.90 311.09
496.00 304.00 488.26 319.85
504.00 304.00 496.02 319.81
512.00 304.00 504.00 319.94
520.00 304.00 512.24 320.12
504.00 312.00 495.99 328.08
144.00 320.00 175.54 390.93
144.00 328.00 175.46 398.99
400.00 328.00 183.76 407.49
392.00 336.00 175.91 416.40
400.00 336.00 183.86 416.12
136.00 352.00 15.87 344.73
456.00 352.00 224.28 423.31
368.00 360.00 407.98 312.65
376.00 360.00 415.23 312.69
432.00 360.00 207.90 431.94
456.00 360.00 224.16 432.10
344.00 408.00 415.51 375.83
344.00 416.00 414.31 383.98
256.00 456.00 254.81 455.95
